22222222222222222222222222222222222222222222222222222222222222222222222222222222222222222222222222222222222222222222222222222222222222222222222222222222222222222222222222222222222222222222222222222222
21111111111111111111111111111111111111111111111111111111111111111111111111111111111111111111111111111111111111111111111111111111111110000033333000000011111111111111111111111111111111111111111111111112
21111111111111111111111111111111111111111111111111111441111111111111111111111111111111111111111111111111111110000000000000000011111110000033333000000011111111111111111111111111111111111111111111111112
21111111111111111111111111111111111111111111111111114441111111111111111111111111111111111111111111111111111110000000000000000010000000000333333300000011111111111111111111111111111111111111111111111112
21111111111111111111111111111111111111111111111111111441111111111111111111111111111111111111111111111111111110000000000000000010000000000033333000000011111111111111111111111111111111111111111111111112
21111111111111111111111111111111111111111111111111111141111111111111111111111111111111111111111111111111111110000000000000000010000000000033333000000011111111111111111111111111111111111111111111111112
21111111111111111111111111111111111111111111111111111141111111111111111111111111111111111111111111111111111110000000000000000010000000000000300000000000000000000000111111111111111111111111111111111112
21111111111111111111111111111111111111111111111111111441111111111111111111111111111111111111111111111111111110000000000000000010000000000000000000000000000000000000111111111111111111111111111111111112
21111111111111111111111111111111111111111111111111111444411111111111111111111111111111144411111111111111111110000000000000000010000000000000000000000000000000000000111111111111111111111111111111111112
21111111111111111111111111111111111111111111111111111444444411111111111111111111111111144411111111111111111110000000000000000010000000000000000000000000000000000000111111111111111111111111111111111112
21111111111111111111111111111111111111111111111111114441444111111111111111111111111111114444111111111111111110000000000000000010000000000000000000000000000000000000111111111111111111111111111111111112
21111111111111111111111111111111111111111111111111111141111111111111111111111111111111111144411111111111111110000000000000000010000000000000000000000000000000000000111111111111111111111111111111111112
21111111111111111111111111111111111111111111111111111111111111111111111111111111111111111114441111111111111110000000000000000010000000000000000000000000000000000000111111111111111111111111111111111112
21111111111111111111111111111111111111111111111111100000000000000000001111111111111111111114111111111111111110000000000000000010000000000000000000000000000000000000111111111111111111111111111111111112
21111111111111111111111111111111111111111111111111100000000000000000001111111111111111111144111111111111111110000000000000000010000000000000000000000000000000000000111111111111111111111111111111111112
21111111111111111111111111111111111111111111111111100000000000000000001111111111111111111111111111111111111110000000000000000010000000000000000000000000000000000000111111111111111111111111111111111112
21111111111111111111111111111111111111111111111111100000000000000000001111111111111111111111111111111111111110000000000000000010000000000000000000000000000000000000111111111111111111111111111111111112
21111111111111111111111111111111111111111111111111100000000000000000001111111111111111111111111111111111111111111111111111111110000000000000000000000000000000000000111111111111111111111111111111111112
21111111111111111111111111111111111111111111111111100000000000000000001111111111111111111111111111111111111111111111111141111110000000000000000000000000000000000000111111111111111111111111111111111112
21111111111111111111111111111111111111111111111111100000000000000000001111111111111111111111111111111111111111111111111141111110000000000000000000000000000000000000111111111111111111111111111111111112
21111111111111111111111111111111111111111111111111100000000000000000001111111111111111111111111111111111111111111111114144111110000000000000000000000000000000000000111111111111111111111111111111111112
21111111111111111111111111111111111111111111111111100000000000000000001111111111111111111111111111111111111111111111444444111111111111111000000000000000000000000000111111111111111111111111111111111112
21111111111111111111111111111111111111111111111111100000000000000000001111111111111111111111111111111111111111111114144441111111111111111000000000000000000000000000111111111111111111111111111111111112
21111111111111111111111111111111111111111111111111100000000000000000001111111111111111111111111111110000000000000004440141111111111111111000000000000000000000000000111111111111111111111111111111111112
21111111111111111111111111111111111111111111111111100000000000000000001111111111111111111111111111110000000000000000040144111111111111111000000000000000000000000000111111111111111111111111111111111112
21111111111111111111111111111111111111111111111111100000000000000000001111111111111111111111111111110000000000000000000144111111111111111111111111111111111111111111111111111111111111111111111111111112
21111111111111111111111111111111111111111111111111100000000000000000001111111111111111111111111111110000000000000000000111111111111111111111111111111111111111111111111111111111111111111111111111111112
21111111111111111111111111111111111111111111111111100000000000000000001111111111111111111111111111110000000000000000000111110000000000000000001000000000000000000111111111111111111111111111111111111112
21111111111111111111111111111111111111111111111111100000000000000000001111111111111111111111111111110000000000000000000111110000000000000000001000000000000000000111111111111111111111111111111111111112
21111111111111111111111111111111111111111111111111144400000000000000000011111111111111111111111111110000000000000000000111110000000000000000001000000000000000000111111111111111111111111111111111111112
21111111111111111111111111111111111111111111111111111400000000000000000011111111111111111111111111110000000000000000000111110000000000000000001000000000000000000111111111111111111111111111111111111112
21111111111111111111111111111111111111000000000000000400000000000000000011111111111111111111111111110000000000000000000111110000000000000000001000000000000000000111111111111111111111111111111111111112
21111111111111111111441111111111111111000000000000004444400000000000000011111111111111111111111111110000000000000000000111110000000000000000001000000000000000000111111111111111111111111111111111111112
21111111111111111111141111111111111111000000000000000044440000000000000011111111111111111111111111110000000000000000000111110000000000000000001000000000000000000111111111111111111111111111111111111112
21111111111111111114441111111111111111000000000000000044440000000000000011111111111111111111111111110000000000000000000111110000000000000000001000000000000000000111111111111111111111111111111111111112
21111111111111144441441111111111111111000000000000000044400000000000000011111111111111111111111111110000000000000000000111110000000000000000001000000000000000000111111111111111111111111111111111111112
21111111111111111444411111111111111111000000000000000000000000000000000011111111111111111111111111110000000000000000000111110000000000000000001000000000000000000111111111111111111111111111111111111112
21111111111114111111111111111111111111000000000000000000000000000000000011111111111111111111111111110000000000000000000111110000000000000000001000000000000000000111111111111111111111111111111111111112
21111111111114111111111111111111111111000000000000000000000000000000000011111111111111111111111111110000000000000000000111110000000000000000001000000000000000000111111111111111111111111111111111111112
21111111111114111111111111111111111111000000000000000000000000000000000011111111111000000000000000001111111111111111111111110000000000000000001000000000000000000111111111111111111111111111111111111112
21111111111114111111111111111111111111000000000000000000000000000000000011111111111000000000000000001111111111111111111111110000000000000000001000000000000000000111111111111111111111111111111111111112
21111111111144111111111111111111111111000000000000000000000000000000000011111111111000000000000000000000000001111111111111110000000000000000001000000000000000000111111111111111111111111111111111111112
21111111111141111111111111111111111111000000000000000000000000000000000011111111111000000000000000000000000001111111111111110000000000000000001000000000000000000111111111111111111111111111111111111112
21111111111141111111111111111111111111000000000000000000000000000000000011111111111000000000000000000000000001111111111111110000000000000000001111111111111111111111111111111111111111111111111111111112
21111111111141111111111111111111111111000000000000000000111111111111111111111111111000000000000000000000000001111111111111111111111111111111111111111111111111111111111111111111111111111111111111111112
21111111111444111111111111100000000000000000000000000000111111111111111111111111111000000000000000000000000000000000000001111111111111111111111111111111111111111111111111111111111111111111111111111112
21111111111111111111111111100000000000000000000000000000111111111111111111111111111000000000000000000000000000000000000001111111111111111111111111111111111111111111111111111111111111111111111111111112
21111111111111111111111111100000000000000000111111111111111111111111111111111111111000000000000000000000000000000000000001111111111111111111111111111111111111111111111111111111111111111111111111111112
21111111111111111111111111100000000000000000111111111111111111111111111111111111111000000000000000000000000000000000000001111111111111111111111111111111111111111111111111111111111111111111111111111112
21111111111111111111111111100000000000000000111111111111111111111111111111111111111000000000000000000000000000000000000001111111111111111111111111111111111111111111111111111111111111111111111111111112
21111111111111111111111111100000000000000000000000000000000111111111111111111111111000000000000000000000000000000000000001111111111111111111111111111111111111111111111111111111111111111111111111111112
21111111111111111111111111100000000000000000000000000000000111111111111111111111111000000000000000000000000000000000000001111111111111111111111111111111111111111111111111111111111111111111111111111112
21111111111111111111111111100000000000000000000000000000000111111111111111111111111000000000000000000000000000000000000001111111111111111111111111111111111111111111111111111111111111111111111111111112
21111111111111111111111111100000000000000000000000000000000111111111111111111111111000000000000000000000000000000000000000000000000000011111111111111111111111111111111111111111111111111111111111111112
21111111111111111111111111100000000000000000000000000000000111111111111111111111111000000000000000000000000000000000000000000000000000011111111111111111111111111111111111111111111111111111111111111112
21111111111111111111111111100000000000000000000000000000000111111111111111111111111000000000000000000000000000000000000000000000000000011111111111111111111111111111111111111111100000000000000000011112
21111111111111111111111111100000000000000000000000000000000111111111111111111111111111111100000000000000000000000000000000000000000000011111111111111111111111111111111111111111100000000000000000011112
21111111111111111111110000000000000000000000000000000000000111111111111111111111111111111100000000000000000000000000000000000000000000011111111111111111111111111111111111111111100000000000000000011112
21111111111111111111110000000000000000000000000000000000000111111111111111111111111111111100000000000000000000000000000000000000000000011111111111111111111111111111111111111111100000000000000000011112
21111111111111111111110000000000000000000000000000000000000111111111111111111111111111111100000000000000000000000000000000000000000000011111111111111111111111111111111111111111100000000000000000011112
21111111111111111111110000000000000000000000000000000000000111111111111111111111111111111111111111111111000000000000000000000000000000011111111111111111111111111111111111111111100000000000000000011112
24444111111111111111110000000000000000000000000000000000000111111111111111111111111111111111111111111111000000000000000000003000000000011111111111111111111111111111111111111111100000000000000000011112
24444111111111111111110000000000000000000000000000000000000000000000000111111111111111111111111111111111000000000000000333333333330000011111111111111111111111111111111111111111100000000000000000011112
24444111111111111111110000000000000000000000000000000000000000000000000111111111111111111111111111111111111111111111133333333333333300011111111111111111111111111111111111111111100000000000000000011112
24441111111111111111110000000000000000000000000000000000000000000000000111111111111111111111111111111111111111111111333333333333333330011111111111111111111111111111111111111111100000000000000000011112
24444400000000000000110000000000000000000011111111110000000000000000000111111111111111111111111111111111111111111113333333333333333333011111111111111111111111111111111111111111100000000000000000011112
21100000000000000000110000000000000000000011111111110000000000000000000111111111111111111111111111111111111111111133333333333333333333311111111111111111111111111111111111111111100000000000000000011112
21100000000000000000110000000000000000000011111111110000000000000000000111111100000000000000000011111111111111111333333333333333333333331111111111111111111111111111111111111111100000000000000000011112
21100000000000000000110000000000000000000011111111110000000000000000000111111100000000000000000011111111111111113333333333333333333333333111111111111111111111111111111111111111100000000000000000011112
21100000000000000000110000000000000000000011111111110000000000000000000111111100000000000000000011111111111111113333333333333333333333333111111111111111111111111111111111111111100000000000000000011112
21100000000000000000110000000000000000000011111111110000000000000000000111111100000000000000000011111111111111133333333333333333333333333311111111111111111111111111111111111111100000000000000000011112
21100000000000000000110000000000000000000011111111110000000000000000000111111100000000000000000011100000000000033333333333333333333333333311111111111111111111111111111111111111110000000000000000011112
21100000000000000000110000000000000000000011111111110000000000000000000111111100000000000000000011100000000000033333333333333333333333333311111111111111111111111111111111111111110000000000000000011112
21100000000000000000110000000000000000000011111111110000000000000000000111111100000000000000000011100000000000033333333333333333333333333311111111111111111111111111111111111111110000000000000000011112
21100000000000000000110000000000000000000011111111110000000000000000000111111100000000000000000011100000000000033333333333333333333333333311111111111111111111111111111111111111111111111111111111111112
21100000000000000000111110000000000000000011111111110000000000000000000111111100000000000000000011100000000000333333333333333333333333333331111111111111111111111111111111111111111111111111111111111112
21100000000000000000111110000000000000000011111111110000000000000000000111111100000000000000000011100000000000033333333333333333333333333311111111111111111111111111111111111111111111111111111111111112
21100000000000000000111110000000000000000011111111110000000000000000000000000000000000000000000011100000000000033333333333333333333333333311111111111111111111111111111111111111111111111111111111111112
21100000000000000000111111111111111111111111111111110000000000000000000000000000000000000000000011100000000000033333333333333333333333333311111111111111111111111111111111111111111111111111111111111112
21100000000000000000111111111111111111111111111111111111111111100000000000000000000000000000000011100000000000033333333333333333333333333300000000111111111111111111111111111111111111111111111111111112
21100000000000000000000000000000000111111111111111111111111111100000000000000000000000000000000011100000000000033333333333333333333333333300000000111111111111111111111111111111111111111111111111111112
21100000000000000000000000000000000111111111111000000000000000000000000000000000000000000000000011100000000000003333333333333333333333333000000000111111111111111111111111111111111111111111111111111112
21100000000000000000000000000000000000011111111000000000000000000000000000000000000000000000000011100000000000003333333333333333333333333000000000111111111111111111111111111111111111111111111111111112
21100000000000000000000000000000000000011111111000000000000000000000000000000000000000000000000011100000000000000333333333333333333333330000000000111111111111111111111111111111111111111111111111111112
21111111111111111000000000000000000000011111111000000000000000000000000000000000000000000000000011100000000000000033333333333333333333300000000000111111111111111111111111111111111111111111111111111112
21111111111111111000000000000000000000011111111000000000000000000000000000000000111111111111111111100000000000000003333333333333333333000000000000111111100000000000000000001111111111111111111111111112
21111111111111111000000000000000000000011111111000000000000000000000000000000000111111111111111111100000000000000000333333333333333330000000000000111111100000000000000000001111111111111111111111111112
21111111111111111000000000000000000000011111111000000000000000000000000000000000000011111111111111100000000000000000033333333333333300000000000000111111100000000000000000001111111111111111111111111112
21111111111111111000000000000000000000011111111000000000000000000000000000000000000011111111111111110000000000000000001333333333330000000000000000111111100000000000000000001111111111111111111111111112
21111111111111111000000000000000000000011111111000000000000000000000000000000000000011111111111111110000000000000000001111113111100000000000000000111111100000000000000000001111111111111111111111111112
21111111111111111000000000000000000000011111111000000000000000000000000000000000000011111111111111110000000000000000001111111111100000000000000000111111100000000000000000001111111111111111111111111112
21111111111111111000000000000000000000011111111000000000000000000000000000000000000011111111111111110000000000000000001111111111100000000000000000111111100000000000000000001111111111111111111111111112
21111111111111111000000000000000000000011111111000000000000000000000000000000000000011111111111111110000000000000000001111111111100000000000000000111111100000000000000000001111111111111111111111111112
21111111111111111000000000000000000000011111111000000000000000000000000000000000000011111111111111110000000000000000001111111111100000000000000000111111100000000000000000001111111111111111111111111112
21111111111111111000000000000000000000011111111000000000000000000000000000000000000011111111111111110000000000000000001111111000000000000000000011111111100000000000000000001111111111111111111111111112
21111111111111111000000000000000000000011111111000000000000000000000000000000000000011111111111111110000000000000000001111111000000000000000000011111111100000000000000000001111111111111111111111111112
21111111111111111111000000000000000000011111111000000000000000000000000000000000000011111111111111110000000000000000001111111000000000000000000011111111100000000000000000001111111111111111111111111112
21111111111111111111000000000000000000011111111111111111111111111000000000000000000011111111111111110000000000000000001111111000000000000000000011111111100000000000000000001111111111111111111111111112
21111111111111111111000000000000000000011111111111111111111111111000000000000000000011111111111111110000000000000000001111111000000000000000000011111111100000000000000000001111111111111111111111111112
21111111111111111111111111111111111111111111111111111111111111111000000000000000000011111111111111110000000000000000001111111000000000000000000011111111100000000000000000001111111111111111111111111112
21111111111111111111111111111111111111111111111111111111111111111000000000000000000011111111111111110000000000000000001111111000000000000000000000000000111111111111111111111111111111111111111111111112
21111111111111111111111111111111111111111111111111111111111111111000000000000000000011111111111111111111111111111111111111111000000000000000000000000000111111111111111111111111111111111111111111111112
21111111111111111111111111111111111111111111111111111111111111111000000000000000000011111111111111111111111111111111111111111000000000000000000000000000111111111111111111111111111111111111111111111112
21111111111111111111111111111111111111111111111111111111111111111000000000000000000011111111111111111111111111111111111111111000000000000000000000000000111111111111111111111111111111111111111111111112
21111111111111111111111111111111111111111111111111111111111111111000000000000000000011111111111111111111111111111111111111111000000000000000000000000000111111111111111111111111111111111111111111111112
21111111111111111111111111111111111111111111111111111111111111111000000000000000000011111111111111111111111111111111111111111000000000000000000000000000111111111111111111111111111111111111111111111112
21111111111111111111111111111111111111111111111111111111111111111000000000000000000011111111111111111111100000000000000000001000000000000000000000000000111111111111111111111111111111111111111111111112
21111111111111111111111111111111111111111111111111111111111111111000000000000000000011111111111111111111100000000000000000001000000000000000000000000000111111111111111111111111111111111111111111111112
21111111111111111111111111111111111111111111111111111111111111111000000000000000000011111111111111111111100000000000000000001000000000000000000000000000111111111111111111111111111111111111111111111112
21111111111111111111111111111111111111111111111111111111111111111000000000000000000011111111111111111111100000000000000000001000000000000000000000000000111111111111111111111111111111111111111111111112
21111111111111111111111111111111111111111111111111111111111111111000000000000000000011111111111111111111100000000000000000001111111111000000000000000000111111111111111111111111111111111111111111111112
21111111111111111111111111111111111111111111111111111111111111111000000000000000000011111111111111111111100000000000000000001111111111000000000000000000111111111111111111111111111111111111111111111112
21111111111111111111111111111111111111111111111111111111111111111000000000000000000011111111111111111111100000000000000000001111111111000000000000000000111111111111110000000000000000000111111111111112
21111111111111111111111111111111111111111111111111111111111111111000000000000000000011111111111111111111100000000000000000001111111111000000000000000000111111111111110000000000000000000111111111111112
21111111111111111111111111111111111111111111111111111111111111111111111111111111111111111111111111111111100000000000000000001111111111000000000000000000110000000000000000000000000000000111111111111112
21111111111111111111111111111111111111111111111111111111111111111111111111111111111111111111111111111111100000000000000000001111111111000000000000000000110000000000000000000000000000000111111111111112
21111111111111111111111111111111111111111111111111111111111111111111111111111111111111111111111111111111100000000000000000001111111111000000000000000000110000000000000000000000000000000111111111111112
21111111111111111111111111111111111111111111111111111111111111111111111111111111111111111111111111111111100000000000000000000000000000001111111111111111110000000000000000000000000000000111111111111112
21111111111111111111111111111111111111111111111111111111111000000000000000001111111111111111111111111111100000000000000000000000000000001111111111111111110000000000000000000000000000000111111111111112
21111111111111111111111111111111111111111111111111111111111000000000000000001111111111111111111111111111100000000000000000000000000000001111111111111111110000000000000000000000000000000111111111111112
21111111111111111111111111111111311111111111111111111111111000000000000000001111111111111111111111111111100000000000000000000000000000001111111111111111110000000000000000000000000000000111111111111112
21111111111111111111111111133333333333111111111111111111111030000000000000001111111111111111111111111111111110000000000000000000000000001111111111111111110000000000000000000000000000000111111111111112
21111111111111111111111111333333333333311111111111111111113333300000000000001111111111111111111111111111111110000000000000000000000000001111111111111111110000000000000000000000000000000111111111111112
21111111111111111111111133333333333333333111111111111111113333300000000000001111111111111111111111111111111110000000000000000000000000001111111111111111110000000000000000000000000000000111111111111112
21111111111111111111111333333333333333333311111111111111133333330000000000001111111111111111111111111111111110000000000000000000000000001111111111111111110000000000000000000000000000000111111111111112
21111111111111111111113333333333333333333331111111100000003333300000000000001111111111111111111111111111111110000000000000000000000000001111111111111111110000000000000000000000000000000111111111111112
21111111111111111111113333333333333333333331111111100000003333300000000000001111111111111111111111111111111110000000000000000000000000001111111111111111110000000000000000000000000000000111111111111112
21111111111111111111133333333333333333333333111111100000000030000000000000000011111111111111111111111111111110000000000000000000000000001111111111111111110000000000000000000111111111111111111111111112
21111111111111111111333333333333333333333333311111100000000000000000000000000011111111111111111111111111111110000000000000000000000000001111111111111111110000000000000000000111111111111111111111111112
21111111111111111111333333333333333333333333310000000000000000000000000000000011111111111111111111111111111110000000000000000000000000001111111111111111110000000000000000000111111111111111111111111112
21111111000000000000333333333333333333333333310000000000000000000000000000000011111111111111111111111111111110000000000000000000000000001111111111111111110000000000000000000111111111111111111111111112
21111111000000000000333333333333333333333333310000000000000000000000000000000011111111111111111111111111111110000000000000000000000000001111111111111111111111111111111111111111111111111111111111111112
21111111000000000000333333333333333333333333310000000000000000000000000000000011111111111111111111111111111110000000000000000000000000001111111111111111111111111111111111111111111111111111111111111112
21111111000000000003333333333333333333333333330000000000000000000000000000000011111111111111111111111111111110000000000000000000000000001111111111111111111111111111111111111111111111111111111111111112
21111111000000000000333333333333333333333333310000000000000000000000000000000011111111111111111111111111111110000000000000000000000000001111111111111111111111111111111111111111111111111111111111111112
21111111000000000000333333333333333333333333310000000000000000000000000000000011111111111111111111111111111111111111111000000000000000001111111111111111111111111111111111111111111111111111111111111112
21111111000000000000333333333333333333333333310000000000000000000000000000000011111111111111111111111111111111111111111111111111111111111111111111111111111111111111111111111111111111111111111111111112
21111111000000000000333333333333333333333333310000000000000000000000000000000011111111111111111111111111111111111111111111111111111111111111111111111111111111111111111111111111111111111111111111111112
21111111000000000000333333333333333333333333310000000000000000000000000000000011111111111111111111111111111111111111111111111111111111111111111111111111111111111111111111111111111111111111111111111112
21111111000000000000033333333333333333333333110000000000000000000000000000000011111110000000000000000000111111111111111111111111111111111111111111111111111111111111111111111111111111111111111111111112
21111111000000000000003333333333333333333331110000000000000000000000000000000000000000000000000000000000111111111111111111111111111111111111111111111111111111111111111111111111111111111111111111111112
21111111000000000000003333333333333333333331110000000000000000000000000000000000000000000000000000000000111111111111111111111111111111110000000000000000011111111111111111111111111111111111111111111112
21111111000000000000000333333333333333333311110000000000000000000000000000000000000000000000000000000000111111111111111111111111111111110000000000000000011111111111111111111111111111111111111111111112
21111111000000000000000033333333333333333111110000000000000000000000000000000000000000000000000000000000111111111111111111111111111111110000000000000000011111111111111111111111111111111111111111111112
21111111000000000000000001333333333333311111110000000000000000000000000000000000000000000000000000000000111111111111111111111111111111110000000000000000011111111111111111111111111111111111111111111112
21111111111111111111111111133333333333111111110000000000000000000000000000000000000000000000000000000000111111111111111111111111111111110000000000000000011111111111111111111111111111111111111111111112
21111111111111111111111111111111311111111111111111111111100000000000000000000000000000000000000000000000111111111111111111111111111111110000000000000000011111111111111111111111111111111111111111111112
21111111111111111111111111111111111111111111111111111111100000000000000000000000000000000000000000000000111111111111111111111111111111110000000000000000011111111111111111111111111111111111111111111112
21111111111111111111111111111111111111111111111111111111100000000000000000000000000000000000000000000000111111111111111111111111111111110000000000000000011111111111111111111111111111111111111111111112
21111111111111111111111111111111111111111111111111111111100000000000000000000000000000000000000000000000111111111111111111111111111111110000000000000000011111111111111111111111111111111111111111111112
21111111111111111111111111111111111111111111111111111111100000000000000000000000000000000000000000000000111111111111111111111111111111110000000000000000011111111111111111111111111111111111111111111112
21111111111111111111111111111111111111111111111111111111100000000000000000000000000000000300000000000000111111111111111111111111111111110000000000000000011414111111111111111111111111111111111111111112
21111111111111111111111111111111111111111111111111111111111111111110000000000000000000333333300000000000111111111111111111111111111111000000000000000000014444111111111111111111111111111111111111111112
21111111111111111111111111111111111111111111111111111111111111111110000000000000000003333333330000000000111111111111111111111111111111000000000000000000011114444441111111111111111111111111111111111112
21111111111111111111111111111111111111111111111111111111111111111110000000000000000033333333333111111111111111111111111111111111111111000000000000000000011114444441111111111111111111111111111111111112
21111111111111111111111111111111111111111111111111111111111111111110000000000000000033333333333111111111111111111111111111111111111111000000000000000000011111111111111111111111111111111111111111111112
21111111111111111111111111111111111111111111111111111111111111111110000000000000000033333333333111111111111111111111111111111111111111000000000000000001111111111111111111111111111111111111111111111112
21111111111111111111111111111111111111111111111111111111111111111110000000000000000333333333333311111111111111111111111111111111111111000000000000000001111111111111111111111111111111111111111111111112
21111111111111111111111111111111111111111111111111111111111111111111111111111111111133333333333111111111111111111111111111111111111111000000000000000001111111111111111111111111111111111111111111111112
21111111111111111111111111111111111111111111111000000000000000000011111111111111111133333333333111111111111111111111111111111111111111000000000000000001111111111111111111111111111111111111111111111112
21111111111111111111111111111111111111111111111000000000000000000011111111111111111133333333333111111111111111111111111111111111111111000000000000000001111111111111111111111111111111111111111111111112
21111111111111111111111111111111111111111111110000000000000000000011111111111111111113333333331111111111111111111111111111111111111111000000000000000001111111111111111111111111111111111111111111111112
21111111111111111111111111111111111111111111110000000000000000000011111111111111111111333333311111111111111111111111111111111111111111000000000000000001111111111111111111111111111111111111111111111112
21111111111111111111114411111111111000000000000000000000000000000011111111111111111111111311111111111111111111111111111111111111111111000000000000000001111111111111111111111111111111111111111111111112
21111111111111111111144111111111111000000000000000000000000000000011111111111111111111111111111111111111111111111111111111111111111111000000000000000001111111111111111111111111111111111111111111111112
21111100000000000000444411111111111000000000000000000000000000000011111111111111111111111111111111111111111111111111111111111111111111000000000000000001111111111111111111111111111111111111111111111112
21111100000000000000044441111111111000000000000000000000000000000011111111111111111111111111111111111111111111111111111111111111111111000000000000000001111111111111111111111111111111111111111111111112
21111100000000000000000111111111111000000000000000000000000000000011111111111111111111111111111111111111111111111111111111111111111111000000000000000001111111111111111111111111111111111111111111111112
21111100000000000000000111111111111000000000000000000000000000000011111111111111111111111111111111111111111111111111000000000000000001000000000000000000000000000111111111111111111111111111111111111112
21111100000000000000000111111111111000000000000000000000000000000011111111111111111111111111111111111111111111111111000000300000000001000000000000000000000000000111111111111111111111111111111111111112
21111100000000000000000111111111111000000000000000000000000000000011111111111111111111111111111111111111111111111111000333333300000001000000000000000000000000000111111111111111111111111111111111111112
21111100000000000000000111111111111000000000000000000000000000000011111111111111111111111111111111111111111111111111033333333333000001111111111000000000000000000111111111111111111111111111111111111112
21111100000000000000000111111111111000000000000000000000000000040011111111111111111111111111111111111111111111111111333333333333300000011111111000000000000000000111111111111111111111111111111111111112
21111100000000000000000111111111111000000000000000000000000000040011111111111111111111111111111111111111111111111111333333333333300000011111111000000000000000000111111111111111111111111111111111111112
21111100000000000000000111111111111000000000000000000000044004440011111111111111111111111111111111111111111111111113333333333333330000011111111000000000000000000111111111111111111111111111111111111112
21111100000000000000000111111111111000000000000000000000004000440011111111111111111111111111111111111111111111111113333333333333330000011111111000000000000000000111111111111111111111111111111111111112
21111100000000000000000111111111111000000000000000000000004000040011111111111111111111111111111111111111111111111113333333333333330000011111111000000000000000000111111111111111111111111111111111111112
21111100000000000000000111111111111000000000000000000000004044444411111111111111111111111111111111111111111111111133333333333333333000011111111000000000000000000111111111111111111111111111111111111112
21111100000000000000000111111111111000000000000000001441114441111111111111111111111111111111111111111111111111111113333333333333330000011111111000000000000000000111111111111111111111111111111111111112
21111100000000000000000111111111111111111111111111111441114111111111111111111111111111111111111111111111111111111113333333333333330000011111111000000000000000000111111111111111111111111111111111111112
21111100000000000000000111111111111111111111111111111411114111111111111111111111111111111111111111111111111111111113333333333333330000011111111000000000000000000111111111111111111111111111111111111112
21111100000000000000000111111111111111111111111111111411111111111111111111111111111111111111111111111111111111111111333333333333300000011111111000000000000000000111111111111111111111111111111111111112
21111111111111111111111111111111111111111111111111111411111111111111111111111111111111111111111111111111111111111111333333333333300000011111111000000000000000000111111111111111111111111111111111111112
21111111111111111111111111111111111111111111111111111411111111111111111111111111111111111111111111111111111111111111033333333333000000011111111000000000000000000111111111111111111111111111111111111112
21111111111111111111111111111111111111111111111111111411111111111111111111111111111111111111111111111111111111111111110333333300000000011111111000000000000000000111111111111111111111111111111111111112
21111111111111111111111111111111111111111111111111111411111111111111111111111111111111111111111111111111111111111111110000300000000000011111111000000000000000000111111111111111111111111111111111111112
21111111111111111111111111111111111111111111111111111111111111111111111111111111111111111111111111111111111111111111110000000000000000011111111000000000000000000111111111111111111111111111111111111112
21111111111111111111111111111111111111111111111111111111111111111111111111111111111111111111111111111111111111111111110000000000000000011111111111111111111111111111111111111111111111111111111111111112
21111111111111111111111111111111111111111111111111111111111111111111111111111111111111111111111111111111111111111111111111111111111111111111111111111111111111111111111111111111111111111111111111111112
21111111111111111111111111111111111111111111111111111111111111111111111111111111111111111111111111111111111111111111111111111111111111111111111111111111111111111111111111111111111111111111111111111112
21111111111111111111111111111111111111111111111111111111111111111111111111111111111111111111111111111111111111111111111111111111111111111111111111111111111111111111111111111111111111111111111111111112
21111111111111111111111111111111111111111111111111111111111444411111111111111111111111111111111111111111111111111111111111111111111111111111111111111111111111111111111111111111111111111111111111111112
21111111111111111111111111111111111111111111111111111111111144441111111111111111111111111111111111111111111111111111111111111111111111111111111111111111111111111111111111111111111111111111111111111112
21111111111111111111111111111111111111111111111111111111111144441111111111111111111111111111111111111111111111111111111111111111111111111111111111111111111111111111111111111111111111111111111111111112
21111111111111111111111111111111111111111111111111111111111141441111111111111111111111111111111111111111111111111111111111111111111111111111111111111111111111111111111111111111111111111111111111111112
21111111111111111111111111111111111111111111111111111113111111111111111111111111111111111111111111111111111111111111111111111111111111111111111111111111111111111111111111111111111111111111111111111112
21111111111111111111111111111111111111111111111111111333331111111111111111111111111111111111111111111111111111111111111111111111111111111111111111111111111111111111111111111111111111111111111111111112
21111111111111111111111111111111111111111111111111113333333111111111111111111111111111111111111111111111111111111111111111111111111111111111111111111111111111111111111111111111111111111111111111111112
21111111111111111111111111111111111111111111111111113333333111111111111111111111111111111111111111111111111111111111111111111111111111111111111111111111111111111111111111111111111111111111111111111112
22222222222222222222222222222222222222222222222222222222222222222222222222222222222222222222222222222222222222222222222222222222222222222222222222222222222222222222222222222222222222222222222222222222
