22222222222222222222222222222222222222222222222222222222222222222222222222222222222222222222222222222222222222222222222222222222222222222222222222222222222222222222222222222222222222222222222222222222
21111111111111111111111111111111111113333333333333333333111111111111111111111111111111111111111111111111111111111111111111111111133333333311110000000000000000011111111111111111111111111111111111111112
21111111111111111111111111111111111113333333333333333333111111111111111111111111111111111111111111111111111111111111111111111113333333333333110000000000000000011111111111111111111111111111111111111112
21111111111111111111111111111111111113333333333333333333111111111111111111111111111111111111111111111111111111111111111111111133333333333333310000000000000000011111111111111111111111111111111111111112
21111111111111111111111111111111111133333333333333333333311111111111111111111111111111111111111111111111111111111111111111111333333333333333330000000000000000011111111111111111111111111111111111111112
21111111111111111111111111111111111113333333333333333333000000000000000111111111111111111111111111111111111111111111111111113333333333333333333000000000000000011111111111111111111111111111111111111112
21111111111111111100000000000000000003333333333333333333000000000000000111111111111111111111111111111111111111111111111111113333333333333333333000000000000000011111111111111111111111111111111111111112
21111111111111111100000000000000000003333333333333333333000000000000000111111111111111111111111111111111111111111111111111133333333333333333333300000000000000011111111111111111111111111111111111111112
21111111111111111100000000000000000003333333333333333333000000000000000111111111111111111111111111111111111111111111111111133333333333333333333300000000000000011111111111111111111111111111111111111112
21111111111111111100000000000000000001333333333333333330000000000000000111111111111111111111111111111111111111111111111111133333333333333333333300000000000000011111111111111111111111111111111111111112
21111111100000000000000000000000000001333333333333333330000000000000000111111111111111111111111111111111111000000000000000033333333333333333333300000000000000011111111111111111111111111111111111111112
21111111100000000000000000000000000001133333333333333300000000000000000111111111111111111111111111111111111000000000000000333333333333333333333330000000000000011111111111111111111111111111111111111112
21111111100000000000000000000000000001113333333333333000000000000000000111111111111111111111111111111111111000000000000000033333333333333333333300000000000000011111111111111111111111111111111111111112
21111111100000000000000000000000000001111133333333311000000000000000000111111111111111111111111111111111111000000000000000033333333333333333333300000000000000011111111111111111111111111111111111111112
21111111100000000000000000000000000000000000003000111000000000000000000111111111111111111111111111111111111000000000000000033333333333333333333300000000000000011111111111111111111111111111111111111112
21111111100000000000000000000000000000000000000000111000000000000000000111111111111111111111111111111111111000000000000000033333333333333333333300000000000000011111111111111111111111111111111111111112
21111111100000000000000000000000000000000000000000111000000000000000000111111111111111111111111111111111111000000000000000003333333333333333333000000000000000011111111111111111111111111111111111111112
21111111100000000000000000000000000000000000000000111000000000000000000111111111111111111111111111111111111000000000000000003333333333333333333000000000000001111111111111111111111111111111111111111112
21111111100000000000000000000000000000000000000000111000000000000000000111111111111111111111111111111111111000000000000000000333333333333333330000000000000001111111111111111111111111111111111111111112
21111111100000000000000000000000000000000000000000111000000000000000000111111111111111111111111111111111111000000000000000000033333333333333300000000000000001111111111111111111111111111111111111111112
21111111300000000000000000000000000000000000000000111000000000000000000111111111111111111111111111111111111000000000000000000003333333333333000000000000000001111111111111111111111111111111111111111112
21113333333330000000000000111111100000000000000000111000000000000000000111111111111111111111111111111111111000000000000000000000033333333300000000000000000001111111111111111111111111111111111111111112
21333333333333300000000000111111100000000000000000111111111111111111111111111111111111111111111111111111111000000000000000000000000113111100000000000000000001111111111111111111111111111111111111111112
23333333333333330000000000111111100000000000000000110000000000000000011111111111111111111111111111111111111000000000000000000000000111111100000000000000000001111111111111111111111111111111111111111112
23333333333333333000000000111111100000000000000000110000000000000000011111111111111111111111111111111111111000000000000000000000000111111100000000000000000000111111111111111111111111111111111111111112
23333333333333333300000000111111100000000000000000110000000000000000011111111111111111111111111111111111111000000000000000000000000111111100000000000000000000111111111111111111111111111111111111111112
23333333333333333330000000111111100000000000000000110000000000000000011111111111111111111111111111111111111000000000000000000000000111111100000000000000000000111111111111111111111111111111111111111112
23333333333333333330000000111111100000000000000000110000000000000000011111111111111111111111111111111111111111110000000040000000000111111100000000000000000000111111111111111111111111111111111111111112
23333333333333333333000000111111100000000000000000110000000000000000011111111111111111111111111111111111111111110000000044000000000111111100000000000000000000111111111111111111111111111111111111111112
23333333333333333333111111111111111111111111111111110000000000000000011111111111111111111111111111111111111111111111111114111111111111111100000000000000000000111111111111111111111111111111111111111112
23333333333333333333111111111111111111111111111111110000000000000000011111111111111111111111111111111111111111111111111414111111111111111100000000000000000000131111111111111111111111111111111111111112
23333333333333333333111111111111111111111111111111110000000000000000011111111111111111111111111111111111111111111111111444444441111111111100000000000000000333333333111111111111111111111111111111111112
23333333333333333333311111111111111111111111111111110000000000000000011111111111111111111111111111111111111111111111111444441111111000000044440000000000033333333333331111111111111111111111111111111112
23333333333333333333111111111111111111111111111111110000000000000000011111111111111111111111111111111111111111111111144444444111111000000044444400000000333333333333333111111111111111111111111111111112
23333333333333333333111111111111111111111111111111110000000000000000011111111111111111111111111111111111411111111111141111111111111000000044040000000003333333333333333311111111111111111111111111111112
23333333333333333333000001111111111111111111111111110000000000000000011141141111111111111111111111111111411111111111111111111111111000000040044400000003333333333333333311111111111111111111111111111112
23333333333333333333000001111111111111111111111111110000000000000000011144441111111111111111111111111111411111111111111111111111111000000000000000000033333333333333333331111111111111111111111111111112
23333333333333333330000001111111111111111111111111110000000300000000011141111111111111111111111111114111411111000000000000000000111000000000000000000033333333333333333331111111111111111111111111111112
23333333333333333330000001111111111111111111111111110003333333330000011444441111111111111111111111114411411111000000000000000000111000000000000000000033333333333333333331111111111111111111111111111112
23333333333333333300000001111111111111111111111111110333333333333300011111111111111111111111111111144444441111000000000000000000111000000000000000000133333333333333333331111111111111111111111111111112
23333333333333333000000001111111111111111111111111113333333333333330011111111111111111111111111114444411111111000000000000000000111000000000000000000333333333333333333333111111111111111111111111111112
23333333333333330000000001111111111111111111111111133333333333333333011111111111111111111111111111111111111111000000000000000000111000000000000000000133333333333333333331111111111111111111111111111112
21333333333333300000000001111111111111111111111111333333333333333333311111111111111111111111111111111111111111000000000000000000111000000000000000000133333333333333333331111111111111111111111111111112
21113333333330000000000000000000111111111111111111333333333333333333311111111111111111111111111111111111111111000000000000000000111000000000000000000133333333333333333331111111111111111111111111111112
21111111300000000000000000000000111111111111111113333333333333333333331111111111111111111111111111111111111111000000000000000000111000000000000000000133333333333333333331111111111111111111111111111112
21111111000000000000000000000000111111111111111113333333333333333333331111111111111111111111111111111111111111000000000000000000111000000000000000000003333333333333333311111111111111111111111111111112
21111111000000000000000000000000111111111111000003333333333333333333331111111111111111111111111111111111111111000000000000000000111000000000000000000003333333333333333311111111111111111111111111111112
21111111000000000000000000000000111111111111000003333333333333333333331111111111111111111111111111111111111111000000000000000000111000000000000000000000333333333333333111111111111111111111111111111112
21111111000000000000000000000000111100000000000033333333333333333333333111111111111111111111111111111111000000000000000000000000111000000000000000000000033333333333331111111111111111111111111111111112
21111111000000000000000000000000111100000000000003333333333333333333331111111111111111111111111111111111000000000000000000000000111111111111111111000000000333333333011111111100000000000000000111111112
21111111000000000000000000000000111100000000000003333333333333333333331111111111111111111111111111111111000000000000000000000000111111111111111111000000000000030000011111111100000000000000000111111112
21111111000000000000000000000000111100000000000003333333333333333333331111111111111111111111111111111111000000000000000000000000111111111111111111000000000000000000011111111100000000000000000111111112
21111111111111000000000000000000111100000000000003333333333333333333331111111111111111111111111111111111000000000000000000000000111111111111111111000000000000000000011111111100000000000000000111111112
21111111111111000000000000000000111100000000000000333333333333333333311111111111111111111111111111111111000000000000000000000000111111111111111111000000000000000000011111111100000000000000000111111112
21111111111111000000000000000000111100000000000000333333333333333333311111111111111111111111111111111111000000000000000000000000111111111111111111000000000000000000011111111100000000000000000111111112
21111111111111000000000000000000111100000000000000033333333333333333111111111111111111111111111111111111000000000000000000011111111111113111111111000000000000000000011111111100000000000000000111111112
21111111111111000000000000000000111100000000000000003333333333333331111111111111111111111111111111111111000000000000000000011111111113333333111111000000000000000000011111111100000000000000000111111112
21111111111111000000000000000000111100000000000000000333333333333311111111111111111111111111111111111111000000000000000000011111111133333333311111000000000000000000011111111100000000000000000111111112
21111111111111000000000000000000111100000000000000000003333333331111111111111111111111111111111111111111000000000000000000011111111333333333330000000000000000000000011111111100000000000000000111111112
21111111111111000000000000000000111100000000000000000000000300011111111111111111111111111111111111111111000000000000000000011111113333333333333000000000000000000000011111111100000000000000000111111112
21111111111111000000000000000000111100000000000000000000000000011111111111111111111111111111111100000000000000000000000000011111113333333333333000000000000000000000011111111100000000000000000111111112
21111111111111000000000000000000000000000000000000000000000000011111111111111111111111000000000000000000000000000000000000011111113333333333333000000000000000000000011111111100000000000000000111111112
21111111111111111111111100000000000000000000000000000000000000011111111111111111111111000000000000000000000000000000000000011111133333333333333300000000000000000000011111111100000000000000000111111112
21111111111111111111111100000000000000000000000000000011111111111111111111111111111111000000000000000000000000000000000000011111113333333333333000000000000111111111111111111100000000000000000111111112
21111111111111111111111100000000000000000000000000000011111111111111111111111111111111000000000000000000000000000000000000011111113333333333333000000000000111111111111111111100000000000000000111111112
21111111111111111111111100000000000000000000000000000011111111111111111111111111111111000000000000000000000000000011111111111111113333333333333000000000000111111111111111111100000000000000000111111112
21111111111111111111111100000000000000000000000000000011111111111111111111111111111111000040000000000000000000000011111111111111111333333333330000000000000114441111111111111111111111111111111111111112
21111111111111111111111100000000000000000011111111111111111111111111111111111111111141000040000000000000000000000011111111111111111133333333300000000000000111444111111111111111111111111111111111111112
21111111111111111111111100000000000000000011111111111111111111111111111111111111111144000040000000000000000000000011111111111111111113333333000000000000000111444111111111111111111111111111111111111112
21111111111111111111111100000000000000000011111111111111111111111111111111111111111144444440000000000000000000000011111111111111111111113000000000000000004144444441111111111111111111111111111111111112
21111111111111111110000000000000000000000011111111111111111111111111111111111111111144000040000000000000000000000011111111111111111111111000000000000000004444411111111111111111111111111111111111111112
21111111111111111110000000000000000000000011111111111111111111111111111111111111111114000040000000000000000000000011111111111111111111111000000000000000000111411111111111111111111111111111111111111112
21111111111111111110000000000000000000000011111111111111111111111111111111111111111111000040000000000000000000000011111111111111111111111000000000000000000111411111111111111111111111111111111111111112
21111111111111111110000000000000000000000011111111111111111111111111111111111111111111004440000000000000000000000011111111111111111111111000000000000000000111411111111111111111111111111111111111111112
21111111111111111110000000000000000000000011111111111111111111111111111111111111111111444440000000000000000000000011111111111111111111111000000000000000000111111111111111111111111111111111111111111112
21111111111100000000000000000000000000000011111111111111111111111111111111111111111111440000000000000000011111111111111111111111111111111111111111111111111111111111111111111111111111111111111111111112
21111111111100000000000000000000000001111111111111111111111111111111111111111111111111000000000000000000011111111111111111111111111111111111111111111111111111111111111111111111111111111111111111111112
21111111111100000000000000000000000001111111111111111111111111111111111111111111111111111111111111111111111111111111111111111111111111111111111111111111111111111111111111111111111111111111111111111112
21111111111100000000000000000000000001111111111111111111111111111111111111111111111111111111111111111111111111111111111111111111111111111444441111111111111111111111111111111111111111111111111111111112
21111111111100000000000000000000000001111111111111111111111111111000000000000000000011111111111111111111111111111111111111111111111111144414411111111111111111111111111111111111111111111111111111111112
21111111111100000000000000000000000001111111111111111111111111111000000000000000000011111111111111111111111111111111111111111111111111111411111111111111111111111111111111111111111111111111111111111112
21111111111100000000000000000000000001111111111111111111111111111000000000000000000011111111111100000000000000000111111111111111111111111111111111111111111111111111111111111111111111111111144444411112
21111111111100000000000000000000000001111111111111111111111111111000000000000000000011111111111100000000000000000111111111111111111111111111111111111111111111111111111111111111111111111114441111111112
21111111111100000000000000000000000001111111111111111111111111111000000000000000000011111111111100000000000000000111111111111111111111111111111111111111111111111111111111111111111111111114111111111112
21111111111100000000000000000000000001111111111111111111111111111000000000000000000011111111111100000000000000000111111111111111111111111111111111111111111111111111111111111111111111111111111111111112
21111111111100000000000000000000000001111111111111111111111111111000000000030000000011111111111100000000000000000111111111111111111111111111111111111111111111111111111111111111111111111111111111111112
21111111111100000000000000000000000001111111111111111111111111111000000033333330000011111111111100000000000000000111111111111111111111111111111111111111111111111111111111111111111111111111111111111112
21111111111100000000000000000000011111111111111111111111111111111000000333333333000011111111111100000000000000000111111111111111111111111111111111111111111111111111111111111111111111111111111111111112
21111111111100000000000000000000000111111111111111111111111113111000000333333333000011111111111100000000000000000111111111111111111111111111111111111111111111111111111111111111111111111111111111111112
21111111111100000000000000000000000111111111111111111111113333333000000333333333000011111111111100000000000000000111111111111111111111111111111111111111111111111111111111111111111111111111111111111112
21111111111100000000000000000000000111111111111111111111133333333300003333333333300011111111111100000000000000000111111111111111111111111111111111111111111111111111111111111111111111111111111111111112
21111111111111100000000000000000000000011111111111111111133333333300000333333333000011111111111100000000000000000111111111111111111111111111111111111111111111111111111111111111111111111111111111111112
21111111111111100000000000000000000000011111111111111111133333333300000333333333000011111111111100000000000000000111111111111111111111111111111100000000000000000011111111111111111111111111111111111112
21111111111111100000000000000000000000011111111111111111333333333330000333333333000011111111111100000000000000000111111111111111111111111111111100000000000000000011111111111111111111111111111111111112
21111111111111100000000000000000000000011111111111111111133333333311111133333331111111111111111100000000000000000111111111111111141111111111111100000000000000000011111111111111111111111111111111111112
21111111111111100000000000000000000000011111111111111111133333333311111111131111111111111111111100000000000000000111111111111411141111111111111100000000000000000011111111111111111111111111111111111112
21111111111111100000000000000000000000011111111111111111133333333311111111111111111111111111111100000000000000000111111111111411441111111111111100000000000000000011111111111111111111111111111111111112
21111111111111100000000000000000000000011111111111111111113333333111111111111111111111111111111111111111111111111111111111111444441111111111111100000000000000000011111111111111111111111111111111111112
21111111111111100000000000000000000000011111111111111111111113111111111111111111111111000000000000000001111111111111111111111441441111111111111100000000000000000011111111111111111111111111111111111112
21111111111111100000000000000000000000011111111111111111111111111111111111111111111111000000000000000001111111111111111111111114441111111111111100000000000000000011111111111111111111111111111111111112
21111111111111100000000000000000000000011111111111111111111111111111111111111111111111000000000000000001111111111111111111111114441111111111111100000000000000000011111111111111111111111111111111111112
21111111111111100000000000000000000000011111111111111111111111111111111111111111111111000000000000000001111111111111111111111111144111111111111100000000000000000011111111111111111111111111111111111112
21111111111100000000000000000000000000011111111111111111111111111111111111111111111111000000000000000001111111111111111111111111144111111111111100000000000000440011111111111111111111111111111111111112
21111111111100000000000000000000000000011111111111111111111111111111111111111111111111000000000000000001111111111111111111111111144111111111111100000000000000040011111111111111111111111111111111111112
21111111111100000000000000000000000000011144111111111111111111111111111111111111111111000000000000000001111111111111111111111111111111111111111100000000004444444000111111111111111111111111111111111112
21111111111100000000000000000000000000011444441111111111111111111111111111111111111111000000000000000001111111111111111111111111111111111111111100000000000040044000111111111111111111111111111111111112
21111111111100000000000000000000000000014441141111111111111111111111111111111111111111000000000000000001111111111111111111111111111111111111111100000000000040000000111111111111111111111111111111111112
21111111111100000000000000000000000000011411441111111111111111111111111111111111111111000000000000000001111111111111111111111111111111111111111100000000000040000000111111111111111111111111111111111112
21111111111100000000000000000000000000011414441111111111111111111111111111111111111111000000000000000001111111111111111111111111111111111111111100000000000000000000111111111111111111111111111111111112
21111111111100000000000000000000000000011444411111111111111111111100000000000000000011000000000000000001111111111111111111111111111111111111111100000000000000000000111111111111111111111111111111111112
21111111111100000000000000000001111111111111111111111111111111111100000000000000000011000000000000000001111111111111111111111111111111111111111100000000000000000000111111111111111111111111111111111112
21111111111100000000000000000001111111111111111111111111111111111100000000000000000011000000000000000001111111111111111111111111111111111111111111100000000000000000111111111111111111111111111111111112
21111111111100000000000000000001111111111111111111111111111111111100000000000000000000000000000000000001111111111111111111111111111111111111111111100000000000000000111111111111111111111111111111111112
21111111111100000000000000000001111111111111111111111111111111111100000000000000000000000000000000000001111111111111111111111111111111111111111111100000000000000000111111111111111111111111111111111112
21111111111100000000000000000001111111111111111111111111111111111100000000000000000000000000000000000001111111111111111111111111111111111111111111100000000000000000111111111111111111111111111111111112
21111111111100000000000000000001111111111111111111111111111111111100000000000000000000000000000000000001111111111111111111111111111111111111111111100000000000000000111111111111111111111111111111111112
21111111111100000000000000000001111111111111111111111111111111111100000000000000000000000000000000000001111111111111111111111111111111111111111111100000000000000000111111111111111111111111111111111112
21111111111111111111111111111111111111111111111111111111111111111100000000000000000000000111111111111111111111111111111111111111111111111111111111100000000000000000111111111111111111111111111111111112
21111111111111111111111111111111111111111111111111111111111111111100000000000000000000000111111111111111111111111111111111111111111111111111111111100000000000000000111111111111111111111111111111111112
21111144411111111111111111111111111111111111111111111111111111111100000000000000000000000111111111111111111111111111111111111111111111111111111111111111111111111111111111111111111111111111111111111112
21114444444441111111111111111000000000000000000111111111111111111100000000000000000000000111111111111111111111111111111111111111111111111111111111111111111111111111111111111111111111111111111111111112
21144000000000000000000111111000000000000000000111111111111111111100000000000000000000000111111111111111111111111111111111111111111111111111111111111111111111111111111111111111111111111111111111111112
21144000000000000000000111111000000000000000000111111111111111111100000000000000000000000111111111111111111111111111111111111111111111111111111111111111111111111111110000000000000000001111111111111112
21440000000000000000000111111000000000000000000001111111111111111100000000000000000000000111111111111111111111111111111111111111111111111111111111111111111111111111110000000000000000001111111111111112
24410000000000000000000111111000000000000000000001111111111111111100000000000000000000000111111111111111111111111111111111111111111111111111111111111111111111111111110000000000000000001111111111111112
24410000000000000000000111111000000000000000000001111111111111111100000000000000000000000111111111111111111111111111111111111111111111111111111111111111111111111111110000000000000000001111111111111112
21440000000000000000000111111000000000000000000001111111111111111100000000000000000000000111111111111111111111111111111111111111111111111111111111111111111111111111110000000000000000001111111111111112
21110000000000000000000111111000000000000000000001111111111111111100000000000000000000000111111111111111111111111111111111111111111111111111111111111111111111111111110000000000000000001111111111111112
21110000000000000000000111111000000000000000000001111111111111111111111000000000000000000111111111111111111111111111111111111111111111111111111111111111111111111111110000000000000000000000000000000002
21110000000000000000000111111000000000000000000001111111111111111111111111111111111111111111111111111111111111111111111111111100000000000000000111111111111111111111110000000000000000000000000000000002
21110000000000000000000111111000000000000000000001111111111111111111111111111111111111111111111110000000000000000011111111111100000000000000000111111111111111111111110000000000004000000000000000000002
21110000000000000000000000000000000000000000000001111111111111111111111111111111111111111111111110000000000000000011111111111100000000000000000111111111111111111111113000000000004400000000000000000002
21110000000000000000000000000000000000000000000000000000000000000011111111111111111111111111111110000000000000000011111111111100000000000000000111111111111111111333333333330000004400000000000000000002
21110000000000000000000000000300000000000000000000000000000000000011111111111111111111111111111110000000000000000011111111111100000000000000000111111111111111133333333333333300044400000000000000000002
21110000000000000000000000033333000000000000000000000000000000000000001111111111111111111111111110000000000000000011111111111100000000000000000111111111111111333333333333333330044400000000000000000002
21110000000000000000000000333333300000000000000000000000000000000000001111111111111111111111111110000000000000000011111111111100000000000000000111111111111113333333333333333333040000000000000000000002
21110000000000000000000000333333300000000000000000000000000000000000001111111111111111111111111110000000000000000011111111111100000000000000000111111111111133333333333333333333344000000000444000000002
21111111111111000000000003333333330000000000000000000000000000000000001111111111111111111111111110000000000000000011111111111100000000000000000111111111111333333333333333333333334000000004404000000002
21111111111111000000000000333333300000000111111000000000000000000000001111111111111111111111111110000000000000000011111111131100000000000000000044041111113333333333333333333333333000000004000000000002
21111111111111000000000000333333300000000111111000000000000000000000001111111111111111111111111110000000000000000011111333333333000000000000044444441111113333333333333333333333333000000004000000000002
21111111111111000000000000033333000000000111111000000000000000000000001111111111111111111111111110000000000000000011113333333333300000000000000400444111133333333333333333333333333300000004444444444442
21111111111111000000000000000300000000000111111000000000000000000000001111111111111111111111111110000000000000000011133333333333330000000000000444444411133333333333333333333333333311000000000004444402
21111111111111000000000000000000000000000111111000000000000000000000001111111111100000000000000000000000000000000011333333333333333000000000000400004111133333333333333333333333333311000000000004040002
21111111111111000000000000000000000000000111111000000000000000000000001111111111100000000000000000000000000000000013333333333333333300000000000000001111133333333333333333333333333311000000000000000002
21111111111111000000000000000000000000000111111000000000000000000000000000000000000000000000000000000000000000000013333333333333333300000000000000001111133333333333333333333333333311000000000000000002
21111111111111000000000000000000000000000111111000000000000000000000000000000000000000000000000000000000000000000013333333333333333300000000000000001111333333333333333333333333333331111111111111111112
21111111111111000000000000000000000000000111111000000000000000000000000000000000000000000000000000011111111111111113333333333333333300000000000000001111133333333333333333333333333311111111111111111112
21111111111111000000000000000000000000000111111111110000000000000000000000000000000000000000000000011111111111111133333333333333333330000000000000001111133333333333333333333333333311111111111111111112
21111111111110000000000000000000000000000111111111110000000000000000000000000000000000000000000000011111111111111113333333333333333300000000000000001111133333333333333333333333333311111111111111111112
21111111111110000000000000000000000000000111111111110000000000000000000000000000000000000000000000011111111111111113333333333333333300000000000000001111133333333333333333333333333311111111111111111112
21111111111110000000000000000000000000000111111111110000000000000000000000000000000000000000000000011111111111111113333333333333333300000000000000001111133333333333333333333333333311111111111111111112
21111111111110000000000000000000000000000111111111111111111111100000000000000000000000000000000000011111111111111113333333333333333330000000000000001111113333333333333333333333333111111111111111111112
21111111111110000000000000000000000001111111111111111111111111100000000000000000000000000000000000011111111111111111333333333333333333000000000000001111113333333333333333333333333111111111111111111112
21111111111110000000000000000000000001111111111111111111111111100000000000000000000000000000000000011111111111111111133333333333333333300000000000001111111333333333333333333333331111111111111111111112
21111111111110000000000000000001111111111111111111111111111111100000000000000000000000000000000000011111111111111111113333333333333333300000000000001111111133333333333333333333311111111111111111111112
21111111111110000000000000000001111111111111111111111111111111100000000000000000000000000000000000011111111111111111133333333333333333331111111111111111111113333333333333333333111111111111111111111112
21111110000000000000000000000001111111111111111111111111111111100000000000000000000000000000000000011111111111111111133333333333333333331111111111111111111111333333333333333331111111111111111111111112
21111110000000000000000000000001111111111111111111111111111111100000000000000000000000000000000000011111111111111111133333333333333333331111111111111111111111133333333333333311111111111111111111111112
21111110000000000000000000000001111111111111111111111111111111100000000000000000000000000000000111111111111111111111133333333333333333331111111111111000000000000333333333331111111111111111111111111112
21111110000000000000000000000001111111111111111111111111111441100000000000000000000000000000000111111111111111111111333333333333333333333111111111111000000000000000003111111111111111111111111111111112
21111110000000000000000000000001111111111111111111111111114444440000000000000000000000000000000111111111111113111111133333333333333333331111111111111000000000000000001111111111111111111111111111111112
21111110000000000000000000000001111111111111111111111111114144444400000000000000000000000000000111111111111333331111133333333333333333331111111111111000000000000000001111111111111111111111111111111112
21111110000000000000000000000001111111111111111111111111114441404400000000000000000000000000000111111111113333333111133333333333333333331111111111111000000000000000001111111111111111111111111111111112
21111110000000000000000000000000000001111111111111111111111111111111111111111000000000000000000111111111113333333111133333333333333333331111111111111000000000000000001111111111111111111111111111111112
21111110000000000000000000000000000001111111111111111111111111111111111111111000000000000000000111111111133333333311113333333333333333311111111111111000000000000000001111111111111111111111111111111112
21111110000000000000000000000000000001111111111111111111111111111111111111111000000000000000000111111111113333333111113333333333333333300000111111111000000000000000001111111111111111111111111111111112
21111110000000000000000000000000000001111111111111111111111111111111111111111000000000000000000000000001113333333111111333333333333333000000111111111000000000000000001111111111111111111111111111111112
21111110000000000000000000000000000001111111111111111111111111111111111111111000000000000000000000000001111333331111111133333333333330000000111111111000000000000000001111111111111111111111111111111112
21111110000000000000000000000000000001111111111111111111111111111111111111111000000000000000000000000001111113111111111110333333333000000000111111111000000000000000001111111111111111111111111111111112
21111110000000000000000000000000000001111111111111111111111111111111111111111000000000000000000000000001111111111111111110000030000000000000100000000000000000000000001111111111111111111111111111111112
21111110000000000000000000000000000001111111111111111111111111111111111111111000000000000000000000000001111111111111111110000000000000000000100000000000000000000000001111111111111111111111111111111112
21111110000000000000000000000000000001111111000000000000000000011111111111111000000000000000000000000001111111111111111110000000000000000000100000000000000000000000001111111111111111111111111111111112
21111110000000000000000000000000000001111111000000000000000000011111111111111000000000000000000000000001111111111111111110000000000000000000100000000000000000000000001111111111111111111111111111111112
21111110000000000000000000000000000001111111000000000000000000011111111111111000000000000000000000000001111111111111111110000000000000000000100000000000000000011111111111111111111111111111111111111112
21111110000000000000000000000000000001111111000000000000000000011111111111111000000000000000000000000001111111111111111110000000000000000000100000000000000000011111111111111111111111111111111111111112
21111111000000000000000000000000000001111111000000000000000000011111111111111000000000000000000000000001111111111111111110000000000000000000100000000000000000011111111111111111111111111111111111111112
21111111111111111100000000000000000001111111000000000000000000011111111111111000000000000000000000000001111110000000000000000000000000000000100000000000000000011111111111111111111111111111111111111112
21111111111111111100000000000000000001111111000000000000000000011111111111111000000000000000000000000001111110000000000000000000000000000000100000000000000000011111111111111111111111111111111111111112
21111111111111111111111110000000000000000001000000000000000000011111111111111400000000000000000000000000000000000000000000000000000000000000100000000000000000011111111111111111111111111111111111111112
21111111111111111111111110000000000000000001000000000000000000011111111111111440000000000000000000000000000000000000000000000000000000000000100000000000000000011111111111111111111111111111111111111112
21111111111111111111111110000000000000000001000000000000000000011111111111111444000000000000000000000000000000000000000000000000000000000000100000000000000000011111111111111111111111111111111111311112
21111111111111111111111110000000000000000001000000000000000000011111111111114444000000000000000000000000000000000000000000000000000000000000100000000000000000011111111111111111111111111111111133333112
21111111111111111111111110000000000000000001000000000000000000011111111111111444000000000000000000000000000000000000000000000000000000000000100000000000000000011111111111111111111111111111111133333112
21111111111111111111111110000000000000000001000000000000000000011111111111111444440000000000000000000000000000000000000000000000000000000000100000000000000000011111111111111111111111111111111333333312
21111111111111111111111110000000000000000001000000000000000000011111111111111411111100000000000000000000000000000000000000000001111111111111100000000000000000011111111111111111111111111111111133333112
21111111111111111111111110000000000000000001000000000000000000011111111111111111111111111111111111111110000000000000000000000001111111111111111111111111111111111111111111111111111111111111111133333112
21111111111111111111111110000000000000000001000000000000000000011111111111111111111111111111111111111110000000000000000000000001111111111111111111441111111111111111111111111111111111111111111111311112
21111111111111111111111110000000000000000001000000000000000000011111111111111111111111111111111111111110000000000000000000000001111111111111111111444111111111111111111111111111111111111111111111111112
21111111111111111111111110000000000000000001111111111111111111111111111111111111111111111111111111111110000000000000000000000001111111111111111111444111111111111111111111111111111111111111111111111112
21111111111111111111111110000000000000000001111111111111111111111111111111111111111111111111111111111110000000000000000000000001111111111111111111444111111111111111111111111111111111111111111111111112
21111111111111111111111110000000000000000001111111111111111111111111111111111111111111111111111111111110000000000000000000000001111111111111111111144111111111111111111111111111111111111111111111111112
21111111111111111111111110000000000000000001111111111111111111111111111111111111111111111111111111111110000000000000000000000001111111111111111111141111111111111111111111111111111111111111111111111112
21111111111111111111111110000000000000000001111111111111111111111111111111111111111111111111111111111110000000000000000000000001111111111111111111141111111111111111111111111111111111111111111111111112
21111111111111111111111110000000000000000001111111111111111111111111111111111111111111111111111111111110000000000000000000000001111111111111111111144111111111111111111111111111111111111111111111111112
21111111111111111111111110000000000000000001111111111111111111111111111111111111111111111111111111111111111110000000000000000001111111111111111111144411111111111111111111111111111111111111111111111112
21111111111111111111111111111111111111111111111111111111111111111111111111111111111111111111111111111111111111111111111111111111111111111111111111111111111111111111111111111111111111111111111111111112
21111111111111111111111111111111111111111111111111111111111111111111111111111111111111111111111111111111111111111111111111111111111111111111111111111111111111111111111111111111111111111111111111111112
21111111111111111111111111111111111111111111111111111111111111111111111111111111111111111111111111111111111111111111111111111111111111111111111111111111111111111111111111111111111111111111111111111112
21111111111111111111111111111111111111111111111111111111111111111111111111111111111111111111111111111111111111111111111111111111111111111111111111111111111111111111111111111111111111111111111111111112
22222222222222222222222222222222222222222222222222222222222222222222222222222222222222222222222222222222222222222222222222222222222222222222222222222222222222222222222222222222222222222222222222222222
