22222222222222222222222222222222222222222222222222222222222222222222222222222222222222222222222222222222222222222222222222222222222222222222222222222222222222222222222222222222222222222222222222222222
21111111111111111111111111111111111111111111111111111111111111111111111111111111111111111111111111111111111111111111111111111111111111111111111111111111111111111111111111111111111111111111111111111112
21111111111111111111111111111111111111111111111111111111111111111111111111111111111111111111111111100000000000000000111111111111111111111111111111111111111111111111111111111111111111111111111111111112
21111111111111111111111111111111111111111111111111111111111111111111111111111111111111111111111111100000000000000000111111111111111111111111111111110000000000000000001111111111111111111111111111111112
21111111111111111111111111111111111111111111111111111111111111111111111111111111111111111111111111100000000000000000111111111111111111111111111111110000000000000000001111111111111111111111111111111112
21111111111111111111111111111111111111111111111111111111111111111111111111111111111111111111111111100000000000000000111111111111111111111111111111110000000000000000001111111111111111111111111111111112
21111111111111111111111111111111111111111111111111111111111111111111111111111111111111111111111111100000000000000000111111111111111111111111111111110000000000000000001111111111111111111111111111111112
21111111111111111111111111111111111111111111111111111111111111111111111111111111111111111111111111100000000000000000111111111111111110000000000000000000000000000000001111111111111111111111111111111112
21111111111111111111111111111111111111111111111111111111111111111111111111111111111111111111111111100000000000000000111111111111111110000000000000000000000000000000001111111111111111111111111111111112
21111111111111111111111111111111111111000000000000000000111111111111111111111111111111111111111111100000000000000000111111111111111110000000000000000000000000000000001111111111111111111111111111111112
21111111111111111111111111111111111111000000000000000000111111111111111111111111111111111111111111100000000000000000111111111111111110000000000000000000000000000000001111111111111111111111111111111112
21111111111111111111111111111111111111000000000000000000111111111111111111111111111111111111111111100000000000000000111111111111111110000000000000000000000000000000001111111111111111111111111111111112
21111111111111111111111111111111111111000000000000000000111111111111111111111111111111111111111111100000000000000000111111111111111110000000000000000000000000000000001111111111111111111111111111111112
21111111111111111111111111111111000000000000000000000000111111111111111111111111111111111111111111100000000000000000111111111111111110000000000000000000000000000000001111111111111111111111111111111112
21111111111111111111111111111111000000000000000000000000111111111111111111111111111111111111111111100000000000000000111111111111111110000000000000000000000000000000001111111111111111111111111111111112
21111111111111111111111111111111000000000000000000000000111111111111111111111111111111111111111111100000000000000000111111111111111110000000000000000000000000000000001111111111111111111111111111111112
21111111111111111111111111111111000000000000000000000000111111111111111111111111111111111111111111100000000000000000111111111111111110000000000000000000000000000000000000001111111111111111111111111112
21111111111111111111111111111111000000000000000000000000111111111111111111111111111111111111111111111111111111111111111111111111111110000000000000000000000000000000000000001111111111111111111111111112
21111111111111111111111111111111000000000000000000000000111111111111111111111111111111111111111111111111111111111111111111111111111110030000000000000000000000000000000000001111111111111111111111111112
21111111111111111111111111111111000000000000000000000000111111111111111111111111111111111111111111111111111111111111111111111111113333333333300000000000000000000000000000001111111111111111111111111112
21000000000000000000111111111111000000000000000000000000111111111111111111111111111111111111111111111111111111111111111111111111133333333333330000000000000000000000000000001111111111111111111111111112
21000000000000000000111111111111000000000000000000000000111111111111111111111111111111111111111111111111111111111111111111111113333333333333333300000000000000000000000000001111111111111111111111111112
21000000000000000000111111111111000000000000000000000000111111111111111111111111111111111111111111111111111111111111111111111133333333333333333330000000111000000000000000001111111111111111111111111112
21000000000000000000111111111111000000000000000000000000111111111111111111111111111111111111111111111111111111111111111111111333333333333333333333111111111000000000000000001111111111111111111111111112
21000000000000000000111111111111000000000000000000000000111111111111111111111111111111111111111111111111111111111111111111111333333333333333333333111111111000000000000000001311111111111111111111111112
21000000000000000000111111111111000000000000000000000000111111111111111111111111111111111111111111111111111111111111111111113333333333333333333333311111111000000000000003333333331111111111111111111112
21000000000000000000000000000000000000000000000000000000111111111111111111111111111111111111111111111111111111111111111111133333333333333333333333331111111000000000000033333333333111111111111111111112
21000000000000000000000000000000000000000000000000000000111111111111111111111111111111111111111111111111111111111111111111133333333333333333333333331111111000000000000333333333333311111111111111111112
21000000000000000000000000000000000000000000000000000000111111111111111111111111111111111111111111111111111111110000000000033333333333333333333333331111111000000000003333333333333331111111111111111112
21000000000000000000000000000000000000000000000000111111111111111111111111111111111111111111111111111111111111110000000000033333333333333333333333331111111000000000033333333333333333111111111111111112
21000000000000000000000000000000000000000000000000111111111111111111111111111111111111111111111111111111111111110000000000033333333333333333333333331111111000000000033333333333333333111111111111111112
21000000000000000000000000000000000000000000000000111111111111111111111111111111111111111111111111111111111111110000000000333333333333333333333333333111111111111111133333333333333333111111111111111112
21000000000000000000000000000000000000000011111111111111111111111111111111111111111111111111111111111111111111110000000000033333333333333333333333331111111111111111133333333333333333000000111111111112
21000000000000000000000000000000000000000011111111111111111111111111111111111111111111111111111111111111111111110000000000033333333333333333333333331111111111111111333333333333333333300000111111111112
21000000000000000000000000000000000000000011111111111111111111111111111111111111111111111111111111111111111111110000000000033333333333333333333333331111111111111111133333333333333333000000111111111112
21000000000000000000000000000000000000000011111111111111111111111111111111111111111111111111111111111111111111110000000000033333333333333333333333331111111111111111133333333333333333000000111111111112
21111111000000000000000000000000000000000011111111111111111111111111111111111111111111111111111111111111111111110000000000033333333333333333333333331111111111111111133333333333333333000000111111111112
21111111000000000000000000000000000000000011111111111111111111111111111111111111111111111111111111111111111111110000000000003333333333333333333333311111111111111111133333333333333333000000111111111112
23111111000000000000000000000000000000000011111111111111111111111111111111111111111111111111111111111111111111110000000000000333333333333333333333111111111111111111113333333333333330000000111111111112
23333111000000000000000000000000000000000011111111111111111111111111111111111111111111111111111111111111111111110000000000000333333333333333333333111111111111111111111333333333333300000000111111111112
23333311000000000000000000000000000000000011111111111111111111111111111111111111111111111111111111111111111111110000000000000033333333333333333331111111111111111111111033333333333000000000111111111112
23333311000000000000000000000000000000000011111111111111111111111111111111111111111111111111111111111111111111110000000000000003333333333333333311111111111111111111111003333333330000000000111111111112
23333311111000000000000000000000000000000011111111111111111111111111111111111111111111111111111111111111111111110000000000000000033333333333331111111111111111111111111000000300000000000000111111111112
23333331111000000000000000000000000000000011111111111111111111111111111111111111111111111111111111111111111111111111111100000000003333333333311111111111111111111111111000000000000000000000111111111112
23333311111000000000000000000000011111111111111111111111111111111111111111111111111111111111111111111111111110000000000000000000000000030000000000000000111111111111111000000000000000000000111111111112
23333311111000000000000000000000011111111111111111111111111111111111111111111111111111111111111111111111100000000000000000000000000000000000000000000000111111111111111000000000000000000000111111111112
23333311111000000000000000000000011111111111111111111111111111111111111111111111111111111111111111111111100000000000000000000000000000000000000000000000111111111111111000000000000000000000111111111112
23333111111000000000000000000000011111111111111111111111111111111111111111111111111111111111111111111111100000000000000000000000000000000000000000000000111111111111111000000000000000000000111111111112
23111111111000000000000000000000011111111111100000000000000000011111111111111111111111111111111111111111100000000000000000000000000000000000000000000000111111111111111000000000000000000000111111111112
21111111111111100000000000000000011111111111100000000000000000011111111111111111111111111111111111111111100000000000000000000000000000000000000000000000111111111111111000000000000000000000111111111112
21111111111111100000000000000000011111111111100000000000000000011111111111111111111111111111111111111111100000000000000000000000000000000000000000000000111111111111111000000000000000000000111111111112
21111111111111100000000000000000011111111111100000000000000000011111111111111111111111111111111111111111100000000000000000000000000000000000000000000000111111111111111000000000000000000011111111111112
21111111111111111111111111111111111111111111100000000000000000011111111111111111111111111111111111111111100000000000000000000000000000000000000000000000111111111111111000000000000000000011111111111112
21111111111111111111111111111111111111111111100000000000000000011111111111111111111111111111111111111111100000000000000000000000000000000000000000000000111111111111111000000000000000000011111111111112
21111111111111111111111111111111111111111111100000000000000000011111111111111111111111111111111111111111100000000000000000000000000000000000000000000000111111111111111000000000000000000011111111111112
21111111111111111111111111111111111111111111100000000000000000011111111111111111111111111111111111111111100000000000000000000000000000000000000000000000111111111111111000000000000000000011111111111112
21111111111111111111111111111111111111111111100000000000000000011111111111111111111111111111111111111111100000000000000000000000000000000000000000000000111111111111111000000000000000000011111111111112
21111111111111111111111111111111111111111111100000000000000000011111111111111111111111111111111111111111100000000000000000000000000000000000000000000000111111111111111111111111111111111111111111111112
21111111111111111111111111111111111111111111100000000000000000011111111111111111111111111111111111111111100000000000000000000000000000000000000000000000111111111111111111111111111111111111111111111112
21111111111111111111111111111111111111111111100000000000000000011111111111111111111111111111111111111111100000000000000000000000000000000000000000000000111111111111111111110000000000000000001111111112
21111111111111111111111111111111111111111111100000000000000000011111111111111111111111111111111111111111100000000000000000000000000000000011111111111111111111111111111111110000000000000000001111111112
21111111111111111111111111111111111111111111100000000000000000011111111111111111111111111111111111111111100000000000000000000000000000000011111111111111111111111111111111110000000000000000000011111112
21111111111111111111111111111111111111111111100000000000000000011111111111111111111111111111111111111111100000000000000000000000000000000011111111111111111111111111111111110000000000000000000011111112
21111111111111111111111111111111111111111111100000000000000000011111111111111111111111111111111111111111100000000000000000000000000000000011111111111111111111111111111111110000000000000000000011111112
21111111111111111111111111111111111111111111111111111111100000000000000000001111111111111111111111111111100000000000000000000000000011111111111111111111111111111111111111110000000000000000000011111112
21111111111111111111111111111111111111111111111111111111100000000000000000000000000011111111111111111111100000000000000000000000000011111111111111111111111111111111111111110000000000000000000011111112
21111111111111111111111111111111111111111111111111111111100000000000000000000000000011111111111111111111100000000000000000000000000011111111111111111111111111111111111111110000000000000000000011111112
21111111111111111111111111111111111111111111111100000000000000000000000000000000000011111111111111111111100000000000000000000000000011111111111111111111111111111111111111110000000000000000000011111112
21111111111111111111111111111111111111111111111100000000000000000000000000000000000011111111111111111111100000000000000000000000000011111111111111111111111111111111111111110000000000000000000011111112
21111111111111111111111111111111111111111111111100000000000000000000000000000000000011111111111111111111100000000000000000000000000011111111111111111111111111111111111111110000000000000000000011111112
21111111111111111111111111111111111111111111111100000000000000000000000000000000000011111111111111111111100000000000000000000000000011111111111111111111111111111111111111110000000000000000000011111112
21111111111111111111111111111111111111111111111100000000000000000000000000000000000011111111111111111110000000000000000000000000000011111111111111111111111111111111111111110000000000000000000011111112
21111111111111111111111111111111111111111111111100000000000000000000000000000000000011111111111111111110000000000000000000000000000011111111111111111111111111111111111111110000000000000000000011111112
21111111111111111111111111111111111111111111111100000000000000000000000000000000000000000011111111111110000000000000000000000000000011111111111111111111111111111111111111110000000000000000000011111112
21111111111111111111111111111111111111111111111100000000000000000000000000000000000000000011111111111110000000000000000000000000000011111111111111111111111111111111111111110000000000000000000011131112
21111111111111111111111111111111111111111111111100000000000000000000000000000000000000000011111111111110000000000000000000000000000011111111111111111111111111111111111111110000000000000000000033333332
21111111111111111111111111111111111111111111111100000000000000000000000000000000000000000011111111111110000000000000000000000000000011111111111111111111111111111111111111110000000000000000003333333332
21111111111111111111111111111111111111111111111100000000000000000000000000000000000000000011111111111110000000000000000001111111111111111111111111111111111111111111111111110000000000000000033333333332
21111111111111111111111111111111111111111111111100000000000000000000000000000000000000000011111111111110000000000000000001111111111111111111111111111111111111111111111111111111111111111111133333333332
21111111111111111111111111111111111111111111111100000000000000000000000000000000000000000011111111111110000000000000000001111111111111111111111111111111111111111111111111111111111111111111333333333332
21111111111111111111111111111111111111111111111100000000000000000000000000000000000000000011111111111110000000000000000001111111111111111111111111111111111111111111111111111111111111111111333333333332
21111111111111111111111111111111111111111111111100000000000000000111111110000000000000000011111111111110000000000000000001111111111111111111111111111111111111111111111111111111111111111111333333333332
21111111111111111111111111111111111111111111111100000000000000000111111110000000000000000011111111111110000000000000000001111111111111111111111111111111111111111111111111111111111111111113333333333332
21111111111111111111111111111111111111111111111100000000000000000111111110000000000000000011111111111110000000000000000001111111111111111111111111111111111111111111111111111111111111111111333333333332
21111111111111111111111111111111111111111111111100000000000000000111111000000000000000000011111111111110000000000000000001111111111111111111111111111111111111111111111111111111111111111111333333333332
21111111111111111111111111111111111111111111111100000000000000000111111000000000000000000011111111111110000000000000000001111111111111111111111111111111111111111111111111111111111111111111333333333332
21111111111111111111111111111111111111111111111111111111111111111111111000000000000000000011111111111110000000000000000001111111111111111111111111111111111111111111111111111111111111111111133333333332
21111111111111111111111111111111111111111111111111111111111111111111111000000000000000000011111111111110000000000000000001111111111111111111111111111111111111111111111111111111111111111111133333333332
21111111111111111111111111111111111111111111111111111111111111111111111000000000000000000011111111111110000000000000000001111111111111111111111111111111111111111111111111111111111111111111113333333332
21111111111111111111111111111111111111111111111111111111111111111111111000000000000000000011111111111111111111111111111111111111111111111111111111111111111111111111111111111111111111111111111133333332
21111111111111111111111111111111111111111111111111111111111111111111111000000000000000000011111111111111111111111111111111111111111111111111111111111111111111111111111111111111111111111111111111131112
21111111111111111111111111111111111111111111111111111111111111111111111000000000000000000011111111111111111111111111111111111111111111111111111111111111111111111111111111111111111111111111111111111112
21111111111111111111111111111111111111111111111111111111111111111111111000000000000000001111111111111111111111111111111111111111111111111111111111111111111111111111111111111111111111111111111111111112
21111111111111111111111111111111111111111111111111111111111111111111111000000000000000001111113111111111111111111111111111111111111111111111111111111111111111111111111111111111111111111111111111111112
21111111111111111111111111111111111111111111111111111111111111111111111000000000000000001333333333331111111111111111111111111111111111111111111111111111111111111311111111111111111111111111111111111112
21000000000000000001111111111111111111111111111111111111111111111111111000000000000000033333333333333311111111111111111111111111111111111111111111111111111111113331111111111111111111111111111111111112
21000000000000000001111111111111111111111111111111111111111111111111111000000000000003333333333333333333111111111111111111111111111111111111111111111111111111133333111111111111111111111111111111111112
21000000000000000001111111111111111111111111111111111111111111111111111000000000000033333333333333333333311111111111111111111111111111111111111111111111111111113331111111111111111111111111111111111112
21000000000000000001111111111111111111111111111111111111111110000000000000000000000333333333333333333333331111111111111111111111111111111111111111111111111111111311111111111111111111111111111111111112
21000000000000000001111111111111111111111111111111111111111110000000000000000000003333333333333333333333333111111111111111111111111111111111111111111111111111111111111111111111000000000000000000111112
21000000000000000000000000001111111111111111111111111111111110000000000000000000003333333333333333333333333111111111111111111111111111111111111111111111111111111111111111111111000000000000000000111112
21000000000000000000000000001111111111111111111111111111111110000000000000000011133333333333333333333333333311111111111111111111111111111111111111111111111111111111111111111111000000000000000000111112
21000000000000000000000000001111111111111111111111111111111110000000000000000011133333333333333333333333333311111111111111111111111111111111111111111111111111111111111111111111000000000000000000111112
21000000000000000000000000001111111111111111111111111111111110000000000000000011333333333333333333333333333331111111111111111111111111111111111111111111111111111111111111111111000000000000000000111112
21000000000000000000000000001111111111111111111111111111111110000000000000000011333333333333333333333333333331111111111111111111111111111111111111111111111111111111111111111111000000000000000000111112
21000000000000000000000000001111111111110000000000000000001110000000000000000011333333333333333333333333333331111111111111111111111111111111111111111111111111111111111111111111000000000000000000111112
21000000000000000000000000001111111111110000000000000000001110000000000000000011333333333333333333333333333331111111111111111111111111111111111111111111111111111111111111111111000000000000000000111112
21000000000000000000000000001111111111110000000000000000001110000000000000000011333333333333333333333333333331111111111111111111111111111111111111111111111111111111111111111111000000000000000000111112
21000000000000000000000000001111111111110000000000000000001110000000000000000013333333333333333333333333333333111111111111111111111111111111111111111111111111111111111111111111000000000000000000111112
21000000000000000000000000001111111111110000000000000000001110000000000000000011333333333333333333333333333331111111111111111000000000000000001111111111111111111111111111111111000000000000000000111112
21000000000000000000000000001111111111110000000000000000001110000000000000000011333333333333333333333333333331111111111111111000000000000000001111111111111111111111111111111111000000000000000000111112
21000000000000000000000000001111111111110000000000000000001110000000000000000011333333333333333333333333333330000001111111111000000000000000001111111111111111111111111111111111000000000000000000111112
21000000000000000000000000001111111111110000000000000000001110000000000000000011333333333333333333333333333330000001111111111000000000000000001111111111111111111111111111111111000000000000000000111112
21111111100000000000000000001111111111110000000000000000001110000000000000000011333333333333333333333333333330000001111111111000000000000000001111111111111111111111111111111111000000000000000000111112
21111111100000000000000000001111111111110000000000000000001111111111111111111111133333333333333333333333333300000001111111111000000000000000001111111111111111111111111111111111000000000000000000111112
21111111100000000000000000001111111111110000000000000000001111111111111111111111133333333333333333333333333300000001111111111000000000000000001111111111111111111111111111111111000000000000000000111112
21111111100000000000000000011111111111110000000000000000001111111111111111111111113333333333333333333333333000000001111111111000000000000000001111111111111111111111111111111111000000000000000000111112
21111111100000000000000000000000000000000000000000000000001111111111111111111111113333333333333333333333333000000001111111111000000000000000001111111111111111111111111111111111000000000000000000111112
21111111100000000000000000300000000000000000000000000000001111111111111111111111111333333333333333333333330000000001111111111000000000000000001111111111111111111111111111111111111111111111111111111112
21111111100000000000000333333300000000000000000000000000001111111111111111111111111133333333333333333333300000000001111111111000000000000000001111111111111111111111111111111111111111111111111111111112
21111111100000000000033333333333000000000000000000000000001111111111111111111111111113333333333333333333000000000001111111111000000000000000001111111111111111111111111111111111111111111111111111111112
21111111100000000000333333333333300000000000000000000000001111111111111111111111111111133333333333333300000000000001111111111000000000000000001111111111111110000000000000000000111111111111111111111112
21111111111111111111333333333333300000000000000000000000001111111111111111111111111111111333333333330000000000000001111111111000000000000000001111111111111110000000000000000000111111111111111111111112
21111111111111111113333333333333330000000011111111111111111111111111111111111111111111111111113100000000000000000001111111111000000000000000001111111111111110000000000000000000111111111111111111111112
21111111111111111113333333333333330000000011111111111111111111111111111111111111111111111111111100000000000000000001111111111000000000000000001111111111111110000000000000000000111111111111111111111112
21111111111111111113333333333333330000000011111111111111111111111111111111111111111111111111111100000000000000000001111111111000000000000000001111111111111110000000000000000000111111111111111111111112
21111111111111111133333333333333333000000011111111111111111111111111111111111111111111111111111100000000000000000001111111111000000000000000001111111111111110000000000000000000111111111111111111111112
21111111111111111113333333333333330000000011111111111111111111111111111111111111111111111111111100000000000000000001111111111000000000000000001111111111111110000000000000000000111111111111111111111112
21111111111111111113333333333333330000000011111111111111111111111111111111111111111111111111111100000000000000000001111111111111111111111111111111111111111110000000000000000000111111111111111111111112
21111111111111111113333333333333330000000011111111111111111111111111111111111111111111111111111100000000000000000001111111111111111111111111111111111111111110000000000000000000111111111111111111111112
21111111111111111111333333333333300000000011111111100000000000000000011111111111111111111111111111111111111111111111111111111111111111111111111111111111111110000000000000000000111111111111111111111112
21111111111111111111333333333333300000000011111111100000000000000000011111111111111111111111111111111111111111111111111111111111111111111111111111111111111110000000000000000000111111111111111111111112
21111111111111111111133333333333000000000011111111100000000000000000011111111111111111111111111111111111111111111111111111111111111111111111111111111111111110000000000000000000111111111111111111111112
21111111111111111111111333333300000000000011111111100000000000000000011111111111111111111111111111111111111111111111111111111111111111111111111111111111111110000000000000000000111111111111111111111112
21111111111111111111111000300000000000000011111111100000000000000000011111111111111111111111111111111111111111111111111111111111111111111111111111111111111110000000000000000000111111111111111111111112
21111111111111111111111000000000000000000011111111100000000000000000011111111111111111111111111111111111111111111111111111111111111111111111111111111111111110000000000000000000111111111111111111111112
21111111111111111111111111111111111111111111111111100000000000300000011111111111111111111111111111111111111111111111111111111111111111111111111111111111111110000000000000000000111111000000000000000002
21111111111111111111111111111111111111111111111111100000000003330000011111111111111111111111111111111111111111111111111111111111111111111100000000000000000000000000000000000000111111000000000000000002
21111111111111111111111111111111111111111111111111100000000033333000011111111111111111111111111111111111111111111111111111111111111111111100000000000000000000000000000000000000111111000000000000000002
21111111111111111111111111111111111111111111111111100000000003330000011111111111111111111111111111111111111111111111111111111111111111111100000000000000000001100000000000000000111111000000000000000002
21111111111111111111111111111111111111111111111111100000000000300000011111111111111111111111111111111111111111111111111111111111111111111100000000000000000001100000000000000000111111000000000000000002
21111111111111111111111111111111111111111111111111100000000000000000011111111111111111111111111111111111111111111111111111111111111111111100000000000000000001100000000000000000111111000000000000000002
21111111111111111111111111111111111111111111111111100000000000000000011111111111111111111111111111111111111111111111111111111111111111111100000000000000000001100000000000000000111111000000000000000002
21111111111111111111111111111111111111111111111111100000000000000000011111111111111111111111111111111111111111111111111111111111111111111100000000000000000001100000000000000000111111000000000000000002
21111111111111111111111111111111111111111111111111100000000000000000011111111111111111111111111111111111111111111111111111111111111111111100000000000000000001100000000000000000111111000000000000300002
21111111111111111111111111111111111111111111111111100000000000000000011111111111111111111111111111111111111111111111111111111111111111111100000000000000000001100000000000000000111111000000000033333002
21111111111111111111111111111111111111111111111111100000000000000000011111111111111111111111111111111111111111111111111111111111111111111100000000000000000001100000000000000000111111000000000033333002
21111111111111111111111111111111111111111111111111111111111111111111111111111111111111111111111111111111111111111111111111111111111111111100000000000000000001100000000000000000111111000000000333333302
21111111111111111111111111111111111111111111111111111111111111111111111111111111111111111111111111111111111111111111111111111111111111111100000000000000000001100000000000000000111111000000000033333002
21111111111111111111111111111111111111111111111111111111111111111111111111111111111111111111111111111111111111111111111111111111111111111100000000000000000001111111111111111111111111000000000033333002
21111111111111111111111111111111111111111111111111111111111111111111111111111111111111111111111111111111111111111111111111111111111111111100000000000000000001111111111111110000000000000000000000300002
21111111111111111111111111111111111111111111111111111111111111111111111111111111111111111111111111111111111111111111111111111111111111111100000000000000000001111111111111110000000000000000000000000002
21111111111111111111111111111111111111111111111111111111111111111111111111111111111111111111111111111111111111111111111111111111111000000000000000000011111111111111111111110000000000000000001111111112
21111111111111111111111111111111111111111111111111111111111111111111111111111111111111111111111111111111111111111111111111111111111000000000000000000011111111111111111111110000000000000000001111111112
21111111111111111111111111111111111111111111111111111111111111111111111111111111111111110000000000000000011110000000000000000011111000000000000000000011111111111111111111110000000000000000001111111112
21111111111111111111111111111111111111111111111111111111111111111111111111111111111111110000000000000000011110000000000000000011111000000000000000000011111111111111111111110000000000000000001111111112
21111111111111111111111111111111111111111111111111111111111111111111111111111111111111110000000000000000011110000000000000000011111000000000000000000011111111111111111111110000000000000000001111111112
21111111111111111111111111111111111111111111111111111111111111111111111111111111111111110000000000000000011110000000000000000011111000000000000000000011111111111111111111110000000000000000001111111112
21111111111111111111111111111111111111111111111111111111111111111111111111111111111111110000000000000000000000000000000000000011111000000000000000000011111111111111111111110000000000000000001111111112
21111111111111111111111111111111111111111111111111111111111111111111111111111111111111110000000000000000000000000000000000000011111000000000000000000011111111111111111111110000000000000000001111111112
21111111111111111111111111111111111111111111111111111111111111111111111111111111111111110000000000000000000000000000000000000011111000000000000000000011111111111111111111110000000000000000001111111112
21000000000000000000011111111111111111111111111111111111111111111111111111111111111111110000000000000000000000000000000000000011111000000000000000000011111111111111111111110000000000000000001111111112
21000000000000000000011111111111111111111111111111111111111111111111111111111111111111110000000000000000000000000000000000000011111000000000000000000011111111111111111111110000000000000000001111111112
21000000000000000000011111111111111111111111111111111111111111111111111111111111111111110000000000000000000000000000000000000011111000000000000000000000000000000001111111110000000000000000001111111112
21000000000000000000011111111111111111111111111111111111111111111110000000000000000000110000000000000000000000000000000000000011111000000000000000000000000000000001111111110000000000000000001111111112
21000000000000000000011111111111111111111111111111111111111111111110000000000000000000000000000000000000000000000000000000000011111000000000000000000000000000000001111111110000000000000000001111111112
21000000000000000000011111111111111111111111111111111111111111111110000000000000000000000000000000000000000000000000000000000000000000000000000000000000000000000001111111110000000000000000001111111112
21000000000000000000011111111111111111111111111111111111111111111110000000000000000000000000000000000000000000000000000000000000000000000000000000000000000000000001111111110000000000000000001111111112
21000000000000000000011111111111111111111111111111111111111111111110000000000000000000000000000000000000000000000000000000000000000000000000000000000000000000000001111111111111111111111111111111111112
21000000000000000000011111111111111111111111111111111111111111111110000000000000000000000000000000000000000000111111000000000000000001111111111111000000000000000001111111111111111111111111111111111112
21000000000000000000011111111111111111111111111111111111111111111110000000000000000000000000000000000000000000111111000000000000000001111111111111000000000000000001111111111111111111111111111111111112
21000000000000000000011111111111111111111111111111111111111111111110000000000000000000000000000000000000000000111111000000000000000001111111111111000000000000000001111111111111111111111111111111111112
21000000000000000000011111111111111111111111111111111111111111111110000000000000000000000000000000000000000000111111000000000000000001111111111111000000000000000001111111111111111111111111111111111112
21000000000000000000011111111111111111111111111111111111111111111110000000000000000000000000000000000000000000111111000000000000000001111111111111000000000000000001111111111111111111111111111111111112
21000000000000000000011111111111111111111111111111111111111111111110000000000000000000000000000000000000000000111111000000000000000001111111111111000000000000000001111111111111111111111111111111111112
21000000000000000000011111111111111111111111111111111111111111111110000000000000000000000000000000000000000000111111000000000000000001111111111111000000000000000001111111111111111111111111111111111112
21000000000000000000011111111111111113111111111111111111111111111110000000000000000000000000000000000000000000111111000000000000000001111111111111000000000000000001111111111111111111111111111111111112
21000000000000000000011111111111133333333311111111111111111111111110000000000000000000000000000000000000000000000000000000000000000001111111111111000000000000000001111111111111111111111111111111111112
21000000000000000000011111111113333333333333111111111111111111111110000000000000000000000000000000000000000000000000000000000000000001111111111111000000000000000001111111111111111111111111111111111112
21111111111111111111111111111133333333333333300000000000000011111110000000000000000000000000000000000000000000000000000000000000000001111111111111000000000000000001111111111111111111111111111111111112
21111111111111111111111111111333333333333333330000000000000011111110000000000000000000111111111111100000000000000000000000000000000001111111111111111111111111111111111111111111111111111111111111111112
21111111111111111111111111111333333333333333330000000000000011111110000000000000000000111111111111100000000000000000000000000000000001111111111111111111111111111111111111111111111111111111111111111112
21111111111111111111111111113333333333333333333000000000000011111111111111111111111111111111111111100000000000000000000000000000000001111111111111111111111111111111111111111111111111111111111111111112
21111111111111111111111111113333333333333333333000000000000011111111111111111111111111111111111111100000000000000000000000000000000001111111111111111111111111111111111111111111111111111111111111111112
21111111111111111111111111113333333333333333333000000000000011111111111111111111111111111111111111100000000000000000000000000000000111111111111111111111111111111111111111111111111111111111111111111112
21111111111111111111111111113333333333333333333000000000000011111111111111111111111111111111111111100000000000000000000000000000000111111111111111111111111111111111111111111111111111111111111111111112
21111111111111111111111111133333333333333333333300000000000011111111111111111111111111111111111111100000000000000000000000000000000111111111111111111111111111111111111111111111111111111111111111111112
21111111111111111111111111113333333333333333333000000000000011111111111111111111111111111111111111100000000000000000000000000000000111111111111111111111111111111111111111111111111111111111111111111112
21111111111111111111111111113333333333333333333000000000000011111111111111111111111111111111111111100000000000000000000000000000000111111111111111111111111111111111111111111111111111111111111111111112
21111111111111111111111111113333333333333333333000000000000011111111111111111111111111111111111111100000000000000000000000000000000111111111111111111111111111111111111111111111111111111111111111111112
21111111111111111111111111113333333333333333333000000000000011111111111111111111111111111111111111100000000000000000000000000000000111111111111111111111111111111111111111111111111111111111111111111112
21111111111111111111111111111333333333333333330000000000000011111111111111111111111111111111111111100000000000000000000000000000000111111111111111111111111111111111111111111111111111111111111111111112
21111111111111111111111111111333333333333333330000000000000011111111111111111111111111111111111111111111111111111100000000000000000111111111111111111111111111111111111111111111111111111111111111111112
21111111111111111111111111111133333333333333300000000000000011111111111111111111111111111111111111111111111111111100000000000000000111111111111111111111111111111111111111111111111111111111111111111112
21111111111111111111111111111113333333333333000000000000000011111111111111111111111111111111111111111111111111111100000000000000000111111111111111111111111111111111111111111111111111111111111111111112
21111111111111111111111111111111133333333300000000000000000011111111111111111111111111111111111111111111111111111100000000000000000111111111111111111111111111111111111111111111111111111111111111111112
21111111111111111111111111111111111113111100000000000000000011111111111111111111111111111111111111111111111111111111111111111111111111111111111111111111111111111111111111111111111111111111111111111112
21111111111111111111111111111111111111111100000000000000000011111111111111111111111111111111111111111111111111111111111111111111111111111111111111111111111111111111111111111111111111111111111111111112
21111111111111111111111111111111111111111111111111111111111111111111111111111111111111111111111111111111111111111111111111111111111111111111111111111111111111111111111111111111111111111111111111111112
22222222222222222222222222222222222222222222222222222222222222222222222222222222222222222222222222222222222222222222222222222222222222222222222222222222222222222222222222222222222222222222222222222222
