22222222222222222222222222222222222222222222222222222222222222222222222222222222222222222222222222222222222222222222222222222222222222222222222222222222222222222222222222222222222222222222222222222222
21111111111111111111111111111111111111111111111111111111111111111111111111111111111111111111111111111111111111333333333333333333333111111111111111111111111111111111111111111111111111111111111111111112
21111111111111111111111111111111111111111111111111111111111111111111111111111111111111111111111111111111111113333333333333333333333311111111111111111111111111111111111111111111111111111111111111111112
21111111111111111111111111111111111111111111111111111111111111111111111111111111111111111111111111111111111113333333333333333333333311111111111111111111110000000000000000000111111111111111111111111112
21111111111111111111111111111111111111111111111111111111111111111111111111111111111111111111111111111111111113333333333333333333333311111111111111111111110000000000000000000111111111111111111111111112
21111111111111111000000000000000001111111111111111111111111111111111111111111111111111111111111111111111111113333333333333333333333311111111111111111111110000000000000000000111111111111111111111111112
21111111111111111000000000000000001111111111111111111111111111111111111111111111111111111111111111111111111133333333333333333333333331111111111111111111110000000000000000000111111111111111111111111112
21111111111111111000000000000000001111111111111111111111111111111111111111111111111111111111111111111111111113333333333333333333333311111111111111111111110000000000000000000111111111111111111111111112
21111111111111111000000000000000001111111111111111111111111111111111111111111111111111111111111111111111111113333333333333333333333311111111111111111111110000000000000000000111111111111111111111111112
21111111111111111000000000000000001111111111111111111111111111111111111111111111111111111111111111111111111113333333333333333333333311111111111111111111110000000000000000000111111111111111111111111112
21111111111111111000000000000000001111111111111111111111111111111111111111111111111111111111111111111111111113333333333333333333333300000001111111111111110000000000000000000111111000000000000000000012
21111111111111111000000000000000001111111111111111111111111111111111111111111111111111111111111111111111111111333333333333333333333000000001111111111111110000000000000000000111111000000000000000000012
21111111111111111000000000000000001111111111111111111111111111111111111111111111111111111111111111111111111111333333333333333333333000000001111111111111110000000000000000000111111000000000000000000012
21111111111111111000000000000000001111111111111111111111111111100000000000000000000001111111111111111111111111133333333333333333330000000001111111111111110000000000000000000111111000000000000000000012
21111111111111111000000000000000001111111111111111111111111111100000000000000000000001111111111111111111111111113333333333333333300000000001111111111111110000000000000000000111111000000000000000000012
21111111111111111000000000000000001111111111111111111111111111100000000000000000000001111111111111111111111111111333333333333333000000000001111111111111110000000000000000000111111000000000000000000012
21111111111111111000000000000000001111111111111111111111111111100000000000000000000001111111111111111111111111111133333333333330000000000001111111111111110000000000000000000111111000000000000000000012
21111111111111111000000000000000001111111111111111111111111111100000000000000000000001111111111111111111111111111111333333333000000000000001111111111111110000000000000000000111111000000000000000000012
21111111111111111000000000000000001111111111111111111111111111100000000000000000000001111111111111111111111111111111111130000000000000000001111111111111110000000000000000000111111000000000000000000012
21111111111111111000000000000000001111111111111111111111111111100000000000000000000001111111111111111111111111111111111110000000000000000001111111111111110000000000000000000111111000000000000000000012
21111111111111111000000000000000001111111111111111111111111111100000000000000000000001111111111111111111111111111111111110000000000000000001111111111111110000000000000000000111111000000000000000000012
21111111111111111111111111111111111111111111111111111111111111100000000000000000000001111111111111111111111111111111111110000000000000000001111111111111111111111111111111111111111000000000000000000012
21111111111111111111111111111111111111111111111111111111111111100000000000000000000001111111111111111111111111111111111110000000000000000001111111111111111111111111111111000000000000000000000000000012
21111111111111111111111111111111111111111111111111111111111111100000000000000000000001111111111111111111111111111111111110000000000000000000011111111111111111111111111111000000000000000000000000000012
21111111111111111111111111111111111111111111111111111111111111100000000000000000000001111111111111111111111111111111111110000000000000000000011111111111111111111111111111000000000000000000000000000012
21111111111111111111111111111111111111111111111111111111111111100000000000000000000001111111000000000000000001111111111111110000000000000000011111111111000000000000000001000000000000000000000000001112
21111111111111111111111111111111111111111111111111111111111111100000000000000000000001111111000000000000000001111111111111110000000000000000011111111111000000000000000000000000000000000000000000001112
21111111111111111111111111111111111111111111111111111111111111100000000000000000000001111111000000000000000001111111111111110000000000000000001111111111000000000000000000000000000000000000000000001112
21111111111111111111111111111111111111111111111111111111111111100000000000000000011111111111000000000000000001111111111111110000000000000000001111111111000000000000000000000000000000000000000000001112
21111111111111111111111111111111111111111111111111111111111111100000000000000000011111111111000000000000000001111111111111110000000000000000001111111111000000000000000000000000000000000000000000001112
21111111111111111111111111111111111111111111111111111111111111100000000000000000011111111111000000000000000001111111111111110000000000000000001111111111000000000000000000000000000000000000000000001112
21111111111111111111111111111111111111111111111111111111111111100000000000000000011111111111000000000000000001111111111111110000000000000000001111111111000000000000000000000000000000000000000000001112
21111111111111111111111111111111111111111111111111111111111111111111111111111111111111111111000000000000000001111111111111110000000000000000001111111111000000000000000000000000000000000000000000001112
21111111111111111111111111111111111111111111111111111111111111111111111111111111111111111111000000000000000001111111111111110000000000000000001111111111000000000000000000000000000000000001111111111112
21111111111111111111111111111111111111111111111111111111111111111111111111111111111111111111000000000000000001111111111111110000000000000000000000000000000000000000000000000000000000000001111111111112
21111111111111111111111111111111111111111111111111111111111111111111111111111111111111111111000000000000000001111111111111110000000000000000000000000030000000000000000000000000000000000001111111111112
21111111111111111111111111111111111111100000000000000000111111111111111111111111111111111111000000000000000001111111111111110000000000000000000000003333300000000000000000000000000000000001111111111112
21111111111111111111111111111111111111100000000000000000111111111111111111111111111111111111000000000000000001111111111111110000000000000000000000003333300000000000000000000000000000000001111111111112
21111111111111111111111111111111111111100000000000000000111111111111111111111111111111111111000000000000000001111111111111110000000000000000000000033333330000000000000000000000000000000001111111111112
21111111111111111111111111111111111111100000000000000000111111111111111111111111111111111111000000000000000001111111111111110000000000000000000000003333300000000000000000000000000000000001111111111112
21111111111111111111111111111111111111100000000000000000111111111111111111111111111111111111000000000000000001111111111111110000000000000000000000003333300000000000000000000000000001111111111111111112
21111111111111111111111111111111111111100000000000000000111111111111111111111111111111111111000000000000000001111111111111111000000000000000000000000030000000000000000000000000000001111111111111111112
21111111111111111111111111111111111111100000000000000000111111111111111111111111111111111111000000000000000001111111111111111000000000000000000000000000000000000000000000000000000001111111111111111112
21111111111111111111111111111111111111100000000000000000111111111111111111111111111111111111000000000000000001111111111111111000000000000000000000000000001111111100000000000000000001111111111111111112
21111111111111111111111111111111111111100000000000000000111111111111111111111111111111111111111111111111111111111111111111111111111111110000000000000000001111111111111111111111111111111111111111111112
21111111111111111111111111111111111111100000000000000000111111111111111111111111111111111111111111111111111111111111111111111111111111110000000000000000001111111111111111111111111111111111111111111112
21111111111111111111111111111111111111100000000000000000111111111111111111111111111111111111111111111111111111111111111111111111111111110000000000000000001111111111111111111111111111111111111111111112
21111111111111111111111111111111111111100000000000000000111111111111111111111111111111111111111111111111111111111111111111111111111111110000000000000000001111111111111111111111111111111111111111111112
21111111111111111111111111111111111111100000000000000000111111111111111111111111111111111111111111111111111111111111111111111111111111110000000000000000001111111111111111111111111111111111111111111112
21111111111111111111111111111111111111100000000000000000111111111111111111111111111111111111111111111111111111111111111111111111111111110000000000000000001111111111111111111100000000000000000011111112
21111111111111111111111111111111111111100000000000000000100000000000000000001111111111111111111111111111111111111111111111111111111111110000000000000000001111111111111111111100000000000000000011111112
21111111111111111111111111111111111111100000000000000000100000000000000000001111111111111111111111111111111111111111111111111111111111110000000000000000001111111111111111111100000000000000000011111112
21111111111111111111111111111111111111100000000000000000100000000000000000001111111111111111111111111111111111111111111111111111111111111111111111111111111111111111111111111100000000000000000011111112
21111111111111111111111111111111111111111111111111111111100000000000000000001111111111111111111111111111111111111111111111111111111111111111111111000000000000000001111111111100000000000000000011111112
21111111111111111111111111111111111111111111111111111111100000000000000000001111111111111111111111111111111111111111111111111111111111111111111111000000000000000001111111111100000000000000000011111112
21111111111111111111111111111111111111111111111111111111100000000000000000001111111111111111111111111111111111111111111111111111111111111111111111000000000000000001111111111100000000000000000011111112
21111111111111111111111111111111111111111111111111111111100000000000000000001111111111111111111111111111111111111111111111111111111111111111111111000000000000000001111111111100000000000000000011111112
21111111111111111111111111111111111111111111111111111111100000000000000000001111111111111111111111111111111111111111111111111111111111111111111111000000000000000001111111111100000000000000000011111112
21111111111111111111111111111100000000000000000111111111100000000000000000001111111111111111111111111111111111111111111111111111100000000000000000000000000000000001111111111100000000000000000011111112
21111111111111111111111111111100000000000000000111111111100000000000000000001111111111111111111111111111111111111111111111111111100000000000000000000000000000000001111111111100000000000000000011111112
21111111111111111111111111111100000000000000000111111111100000000000000000001111111111111111111111111111111110000000000000000011100000000000000000000000000000000001111111111100000000000000000011111112
21111111111111111111111111111100000000000000000111111111100000000000000000001111111111111111111111111111111110000000000000000000100000000000000000000000000000000001111111111100000000000000000011111112
21111111111111111111111111111100000000000000000111111111100000000000000000001111111111111111111111111111111110000000000000000000100000000000000000000000000000000001111111111100000000000000000011111112
21111111111111111111111111111100000000000000000111111111100000000000000000001111111111111111111111111111111110000000000000000000100000000000000000000000000000000001111111111100000000000000000011111112
21111111111111111131111111111100000000000000000111111111100000000000000000001111111111111111111111111111111110000000000000000000100000000000000000000000000000000001111111111100000000000000000011111112
21111111111111133333331111111100000000000000000111111111100000000000000000001111111111111111111111111111110000000000000000000000100000000000000000000000000000000001111111111100000000000000000011111112
21111111111111333333333111111100000000000000000111111111100000000000000000001111111111111111111111111111110000000000000000000000100000000000000000000000000000000001111111111111111111111111111111111112
21111111111113333333333311111100000000000000000111111111100000000000000000001111111111111111111111111111110000000000000000000000100000000000000000000000000000000001111111111111111111111111111111111112
21111111111133333333333331111100000000000000000111111111111111111111111111111111111111111111111111111111110000000000000000000000100000000000000000001111111111111111111111111111111111111111111111111112
21111111111133333333333331111100000000000000000111111111110000000000000000000111111111111111111111111111110000000000000000000000100000000000000000001111111111111111111111111111111111111111111111111112
21111111111133333333333331111100000000000000000111111111110000000000000000000111111111111111111111111111110000000000000000000000100000000000000000001111111111111111111111111111111111111111111111111112
21111111111333333333333333111100000000000000000111111111110000000000000000000111111111111111111111111111110000000000000000000000100000000000000000001111111111111111111111111111111111111111111111111112
21111111111133333333333331111100000000000000000111111111110000000000000000000111111111111111111111111111110000000000000000000000100000000000000000001111111111111111111111111111111111111111111111111112
21111111111133333333333331111100000000000000000111111111110000000000000000000111111111111111111111111111110000000000000000000000100000000000000000000000000000000000001111111111111111111111111111111112
21111111111133333333333331111111111111111111111111111111110000000000000000000111111111111111111111111111110000000000000000000000100000000000000000000000000000000000001111111111111111111111111111111112
21111111111113333333333311111111111111111111111111111111110000000000000000000111111111111111111111111111110000000000000000000000100000000000000000000000000000000000001111111111111111111111111111111112
21111111111111333333333111111111111111111111111111111111110000000000000000000111111111111111111111111111110000000000000000000000100000000000000000000000000000000000001111111111111111111111111111111112
21111111111111133333331111111111111111111111111111111111110000000000000000000111111111111111111111111111110000000000000000000000111111111111111111100000000000000000001111111111111111111111111111111112
21111111111111111131111111111111111111111111111111111111110000000000000000000111111111111111111111111111110000000000000000000011111111111111111111100000000000000000001111111111111111111111111111111112
21111111111111111111111111111111111111111111111111111111110000000000000000000111111111111111111111111111110000000000000000001111111111111111111111100000000000000000001111111111111111111111111111111112
21111111111111111111111111111111111111111111111111111111110000000000000000000111111111111111111111111111110000000000000000001111111111111111111111100000000000000000001111111111111111111111111111111112
21111111111000000000000000000111111111111111111111000000000000000000000000000000000000000111111111111111110000000000000000001111111111111111111111100000000000000000001111111111100000000000000000011112
21111111111000000000000000000111111111111111111111000000000000000000000000000000000000000111111111111111111111111111110000000000000000011111111111100000000000000030001111111111100000000000000000011112
21111111111000000000000000000111111111111111111111000000000000000000000000000000000000000111111111111111111111111111110000000000000000011111111111100000000000033333331111111111100000000000000000011112
21111111111000000000000000000111111111111111111111000000000000000000000000000000000000000111111111111111111111111111110000000000000000011111111111100000000003333333333311111111100000000000000000011112
21111111111000000000000000000111111111111111111111000000000000000000000000000000000000000111111111111111111111111111110000000000000000011111111111100000000033333333333331111111100000000000000000011112
21111111111000000000000000000111111111111111100000000000000000000000111000000000000000000111111111111111111111111111000000000000000000011111111111100000000033333333333331111111100000000000000000011112
21111111111000000000000000000111111111111111100000000000000000000000111000000000000000000111111111111111111111111111000000000000000000011111111111100000000333333333333333111111100000000000000000011112
21111111111000000000000000000111111111111111100000000000000000000000111000000000000000000111111111111111111111111111000000000000000000011111111111100000000333333333333333111111100000000000000000011112
21111111111000000000000000000111111111111111100000000000000000000000111000000000000000000111111111111111111111111111000000000000000000011111111111100000000333333333333333111111100000000000000000011112
21111111111000000000000000000111111111111111100000000000000000000000111000000000000000000111111111111111111111111111000000000000000000011111111111111111113333333333333333311111100000000000000000011112
21111111111000000000000000000111111111111111100000000000000000000000111000000000000300000111111111111111111111111111000000000000000000011111111111111111111333333333333333111111100000000000000000011112
21111111111000000000000000000111111111111111100000000000000000000000111000000033333333333111111111111111111111111111000000000000000000011111111111111111111333333333333333111111100000000000000000011112
21111111111000000000000000000111111111111111100000000000000000000000111000000333333333333311111111111111111111111111000000000000000000011111111111111111111333333333333333111111100000000000000000011112
21111111111000000000000000000111111111111111100000000000000000000000111000033333333333333333111111111111111111111111000000000000000000011111111111111111111133333333333331111111100000000000000000011112
21111111111000000000000000000111111111111111100000000000000000000000111000333333333333333333311111111111111111111111000000000000000000011111111111111111111133333333333331111111100000000000000000011112
21111111111000000000000000000111111111111111100000000000000000000000111113333333333333333333331111111111111111111111000000000000000000011111111111111111111113333333333311111111111111111111111111111112
21111111111000000000000000000111111111111111100000000000000000000000111113333333333333333333331111111111111111111111000000000000000000011111111111111111111111133333331111111111111111111111111111111112
21111111111000000000000000000111111111111111100000000000000000011111111133333333333333333333333111111111111111111111000000000000000000011111111111111111111111111131111111111111111111111111111111111112
21111111111000000000000000000000000000000011100000000000000000011111111333333333333333333333333311111111111111111111000000000000000000011111111111111111111111111111111111111111111111111111111111111112
21111111111111111111111000000000000000000011100000000000000000011111111333333333333333333333333311111111111111111100000000000000000000011111111111111111111111111111111111111111111111111111111111111112
21111111111111111111111000000000000000000011100000000000000000011111111333333333333333333333333311111111111111111100000000000000000000011111111111111111111111111111111111111111111111111111111111111112
21111111111111111111111000000000000000000011100000000000000000011111111333333333333333333333333311111111111111111100000000000000000000011111111111111111111111111111111111111111111111111111111111111112
21111111111111111111111000000000000000000011100000000000000000011111111333333333333333333333333311110000000000000000000000000000000000011111111111111111111111111111111111111111111111111111111111111112
21111111111111111111111000000000000000000011111111111111111111111111113333333333333333333333333331110000000000000000000000000000000011111111111111111111111111111111111111111111111111111111111111111112
21111111111111111111111000000000000000000011111111111111111111111111111333333333333333333333333311110000000000000000000000000000000011111111111111111111111111111111111111111111111111111111111111111112
21111111111111111111111000000000000000000011111111111111111111111111111333333333333333333333333311110000000000000000000000000000000011111111111111111111111111111111111111111111111111111111111111111112
21111111111111111111111000000000000000000011111111111111111111111111111333333333333333333333333311110000000000000000000000000000000011111111111111111111111111111111111111111111111111111111111111111112
21111111111111111111111000000000000000000011111111111111111111111111111333333333333333333333333311110000000000000000000000000000000011111111111111111111111111111111111111111111111111111111111111111112
21111111111111111111111000000000000000000011111111111111111111111111111333333333333333333333333311110000000000000000000000000000000011111111111111111111111111111111111111111111111111111111111111111112
21111111111111111111111000000000000000000011111111111111111111111111111133333333333333333333333111110000000000000000000000000000000011111111111111111111111311111111111111111111111111111111111111111112
21111111111111111111111000000000000000000011111111111111111111111111111113333333333333333333331111110000000000000000000000000000000011111111111111111111333333311111111111111111111111111111111111111112
21111111111111111111111000000000000000000011111111111111111111111111111113333333333333333333331111110000000000000000000000000000000011111111111111111113333333331111111111111111111111111111111111111112
21111111111111111111111000000000000000000011111111111111111111111111111111333333333333333333311111110000300000000000000000000000000011111111111111111113333333331111111111111111111111111111111111111112
21111111111111111111111000000000000000000011111111111111111111111111111111133333333333333333111111133333333333000000000000000000000011111111111111111113333333331111111111111111111111111111111111111112
21111111111111111111111000000000000000000011111111111111111111111111111111111333333333333311111113333333333333330000000000000011111111111111111111111133333333333111111111111111111111111111111111111112
21111111111111111111111111111111111111111111111111111111111111111111111111111133333333333111111133333333333333333000000000000011111111111111111111111113333333331111111111111111111111111111111111111112
21111111111111111111111111111111111111111111111111111111111111111111111111111111111311111111111333333333333333333300000000000011111111111111111111111113333333331111111111111111111111111111111111111112
21111111111111111111111111111111111111111111111111111111111111111111111111111111111111111111113333333333333333333330000111111111111111111111111111111113333333331111111111111111111100000000000000000002
21111111111111111111111111111111111111111111111111111111111111111111111111111111111111111111133333333333333333333333000111111111111111111111111111111111333333311111111111111111111100000000000000000002
21111111111111111111111111111111111111111111111111111111111111111111111111111111111111111111333333333333333333333333300000001111111111111111111111111111111311111111111111111111111100000000000000000002
21111111111111111111111111111111111111111111111111111111111111111111111111111111111111111111333333333333333333333333300000001111111111111111111111111111111111111111111111111111111100000000000000000002
21111111111111111111111111111111111111111111111111111111111111111111111000000000000000001113333333333333333333333333330000001111111111111111111111111111111111111111111111111111111100000000000000000002
21111111111111111111111111111111111111111111111111111111111111111111111000000000000000001113333333333333333333333333330000001111111111111111111111111000000000000000001111111111111100000000000000000002
21111111111111111111111111111111111111111111111111111111111111111111111000000000000000001113333333333333333333333333330000001111111111111111111111111000000000000000001111111111111100000000000000000002
21111111111111111111111111111111111111111111111111111111111111111111111000000000000000001113333333333333333333333333330000001111111111111111111111111000000000000000001111111111111100000000000000000002
21111111111111111111111111111111111111111111111111111111111111111111111000000000000000001113333333333333333333333333330000001111111111111111111000000000000000000000001111111111111100000000000000000002
21111111111111111111111111111111111111111111111111111111111111111111111000000000000000001133333333333333333333333333333000001111111111111111111000000000000000000000001111111111111100000000000000000002
21111111111111111111111111111111111111111111111111111111111111111111111000000000000000001113333333333333333333333333330000001111111111111111111000000000000000000000001111111111111100000000000000000002
21111111111111111111111111111111111111111111111111111111111111111111111000000000000000001113333333333333333333333333330000001111111111111111111000000000000000000000001111111111111100000000000000000002
21111111111111111111111111111111111111111111111111111111111111111111111000000000000000001113333333333333333333333333330000001111111111111111111000000000000000000000001111111111111100000000000000000002
21111111111111111111111111111111111111111111111111111111111111111111111000000000000000001113333333333333333333333333330000001111111111111111111000000000000000000000001111111111111100000000000000000002
21111111111111111111111111111111110000000000000000001111111111111111111000000000000000001113333333333333333333333333330000001111111111111111111000000000000000000000001111111111111100000000000000000002
21111111111111111111111111111111110000000000000000001111111111111111111000000000000000001111333333333333333333333333300000001111111111111111111000000000000000000000001111111111111100000000000000000002
21111111111111111111111111111111110000000000000000001111111111111111111000000000000000001111333333333333333333333333300000001111111111111111111000000000000000000000001111111111111100000000000000000002
21111111111111111111111111111111110000000000000000001111111111111111111000000000000000001111133333333333333333333333000000001111111111111111111000000000000000000000001111111111111100000000000000000002
21111111111111111111111111111111110000000000000000001111111111111111111000000000000000001111113333333333333333333330000000001111111111111111111000000000000000000000001111111111111111111111111111111112
21111111111111111111111111111111110000000000000000001111111111111111111000000000000000001111111333333333333333333300011111111111111111111111111000000000000000000000001111111111111111111111111111111112
21111111111111111111111111111111110000000000000000001111111111111111111000000000000000001111111133333333333333333000011111111111111111111111111000000000000000000000001111111111111111111111111111111112
21111111111111111111111111111111110000000000000000001111111111111111111000000000000000001111111113333333333333330000011111111111111111111111111000000000000000000000001111111111111111111111111111111112
21111111111111111111111111111111110000000000000000001111111111111111111000000000000000001111111111133333333333000000011111111111111111111111111000000000000000000000001111111111111111111111111111111112
21111111111111111111111111111111110000000000000000001111111111111111111000000000000000001111111111100000300000000000011111111111111111111111111000000000000000000000001111111111111111111111111111111112
21111111111111111111111111111111110030000000000000001111111111111111111000000000000000001111111111111111111111111111111111111111111111111111111000000000000000000011111111111111111111111111111111111112
21111111111111111111111111111111133333330000000000001111111111111111111000000000000000001111111111111111111111111111111111111111111111111111111111111111111111111111111111111111111111111111111111111112
21111111111111111111111111111113333333333300000000001111111111111111111000000000000000001111111111111111111111111111111111111111111111111111111111111111111111111111111111111111111111111111111111111112
21111111111111111111111111111133333333333330000000001111111111111111111000000000000000001111111111111111111111111111111111111111111111111111111111111111111111111111111111111111111111111111111111111112
21111111111111111111111111111133333333333330000000001111111111111111111000000000000000001111111111111111111111111111111111111111111111111111111111111111111111111111111111111111111111111111111111111112
21111111111111111111111111111333333333333333000000001111111111111111111000000000000000001111111111111111111111111111111111111111111111111111111111111111111111111111111111110000000000000000011111111112
21111111111111111111111111111333333333333333000000001111111111111111111111111111111111111111111111111111111111111111111111111111111111111111111111111111111111111111111111110000000000000000011111111112
21111111111111111111111111111333333333333333111111111111111111111111111111111111111111111111111111111111111111111111111111111111111111111111111111111111111111111111111111110000000000000000011111111112
21111111111111111111111111113333333333333333311111111111111111111111111111111111111111111111111111111111111111111111111111111111111111111111111111111111111111111111111111110000000000000000011111111112
21111111111111111111111111111333333333333333111111111111111111111111111111111111111111111111111111111111111111111111111111111111111111111111111111111111111111111111111111110000000000000000011111111112
21111111111111111111111111111333333333333333111111111111111111111111111111111111111111111111111111111111111111111111111111111111111110000000000000000000111111111111111111110000000000000000011111111112
21111111111111111111111111111333333333333333111111111111111111111111111111111111111111111111111111111111111111111111111111111111111110000000000000000000111111111111111111110000000000000000011111111112
21111111111111111111111111111133333333333331111111111111111111111111111111111111111111111111111111111111111111111111111111111111111110000000000000000000111111111111111111110000000000000000011111111112
21111111111111111111111111111133333333333331111111111111111111111111111111111111111111111111111111111111111111111111111111111111111110000000000000000000111111111111111111110000000000000000011111111112
21111111111111111111111111111113333333333311111111111111111111111111111111111111111111111111111111111111111111111111111111111111111110000000000000000000111111111111111111110000000000000000011111111112
21111111111111111111111111111111133333331111111111111111111111111111111111111111111111111111111111111111111111111111111111111111111110000000000000000000111111111111111111110000000000000000011111111112
21111111111111111111111111111111111030000000000000000000000000000000000011111111111111111111111111111111111111111111111111111111111110000000000000000000111111111111111111110000000000000000011111111112
21111111111111111111111111111111111000000000000000000000000000000000000011111111111111111111100000000000000000011111111111111111111110000000000000000000111111111111111111110000000000000000011111111112
21111111111111111111111111111111111000000000000000000000000000000000000000000000011111111111100000000000000000011111111111111111111110000000000000000000111111111111111111110000000000000000011111111112
21111111111111111111111111111131111000000000000000000000000000000000000000000000011111111111100000000000000000011111111111111111111110000000000000000000111111111111111111110000000000000000011111111112
21111111111111111111111113333333333300000000000000000000000000000000000000000000011111111111100000000000000000011111111111111111111110000000000000000000111111111111111111110000000000000000011111111112
21111111111111111111111133333333333330000000000000000000000000000000000000000000011111111111100000000000000000011111111111111111111110000000000000000000111111111111111111130000000000000000011111111112
21111111111111111111113333333333333333300000000000000000000000000000000000000000011111111111100000000000000000000111111111111111111110000000000000000000111111111111113333333333300000000000011111111112
21111111111111111111133333333333333333330000000000000000000000000000000000000000011111111111100000000000000000000111111111111111111110000000000000000000111111111111133333333333330000000000011111111112
21111111111111111111333333333333333333333000000000000000000000000000000000000000011111111111100000000000000000000111111111111111111110000000000000000000111111111113333333333333333311111111111111111112
21111111111111111111333333333333333333333000000000000000000000000000000000000000011111111111100000000000000000000111111111111111111110000000000000000000111111111133333333333333333331111111111111111112
21111111111111111113333333333333333333333300000000000000000000000000000000000000011111111111100000000000000000000111111111111111111110000000000000000000111111111333333333333333333333111111111111111112
21111111111111111133333333333333333333333330000000000000000000000000000000000000011111111111100000000000000000000111111111111111111111111111111111111111111111111333333333333333333333111111111111111112
21111111111111111133333333333333333333333330000000000000000000000000000000000000011111111111100000000000000000000111111111111111111111111111111111111111111111113333333333333333333333311111111111111112
21111111111111111133333333333333333333333330000000000000000000000000000000000000011111111111100000000000000000000111111111111111111111111111111111111111111111133333333333333333333333331111111111111112
21111111111111111133333333333333333333333330000000000000000000000000000000000000011111111111100000000000000000000111111111111111111111111111111111111111111111133333333333333333333333331111111111111112
21111111111111111133333333333333333333333330000000000000000000000000000000000000011111111111100000000000000000000111111111111111111111111111111111111111111111133333333333333333333333331111111111111112
21111111111111111333333333333333333333333333111111111000000000000000000000000000011111111111100000000000000000000000011111111111111111111111111111111111111111133333333333333333333333331111111111111112
21111111111111111133333333333333333333333331111111111000000000000000000000000000011111111111111000000000000000000000011111111111111111111111111111111111111111133333333333333333333333331111111111111112
21111111111111111133333333333333333333333331111111111111111111100000000000000000011111111111111000000000000000000000011111111111111111111111111111111111111111333333333333333333333333333111111111111112
21111111111111111133333333333333333333333331111111111111111111111111111111111111111111111111111000000000000000000000011111111111111111111111111111111111111111133333333333333333333333331111111111111112
21111111111111111133333333333333333333333331111111111111111111111111111111111111111111111111111000000000000000000000011111111111111111111111111111111111111111133333333333333333333333331111111111111112
21111111111111111133333333333333333333333331111111111111111111111111111111111111111111111111111000000000000000000000011111111111111111111111111111111111111111133333333333333333333333331111111111111112
21111111111111111113333333333333333333333311111111111111111111111111111111111111111111111111111000000000000000000000000111111111111111111111111111111111111111133333333333333333333333331111111111111112
21111111111111111111333333333333333333333111111111111111111111111111111111111111111111111111111000000000000000000000000111111111111111111111100000000000000000133333333333333333333333331111111111111112
21111111111111111111333333333333333333333111111111111111111111111111111111111111111111111111111111000000000000000000000111111111111111111111100000000000000000113333333333333333333333311111111111111112
21111111111111111111133333333333333333331111111111111111111111111111111111111111111111111111111111000000000000000000000111111111111111111111100000000000000000111333333333333333333333111111111111111112
21111111111111111111113333333333333333311111111111111111111111111111111111111111111111111111111111000000000000000000000111111111111111111111100000000000000000111333333333333333333333111111111111111112
21111111111111111111111133333333333331111111111111111111111111111111111111111111111111111111111111000000000000000000000111111111111111111111100000000000000000111133333333333333333331111111111111111112
21111111111111111111111113333333333311111111111111111111111111111111111111111111111111111111111111000000000000000000000111111111111111111111100000000000000000111113333333333333333311111111111111111112
21111111111111111111111111111131111111111111111111111111111111111111111111111111111111111111111111000000000000000000000111111111111111111111100000000000000000111111133333333333331111111111111111111112
21111111111111111111111111111111111111111111111111111111111111111111111111111111111111111111111111000000000000000000000111111111111111111111100000000000000000111111113333333333311111111111111111111112
21111111111111111111111111111111111111111111111111111111111111111111111111111111111111111111111111111000000000000000000111111111111111111111100000000000000000111111111111131111111111111111111111111112
21111111111111111111111111111111111111111111111111111111111111111111111111111111111111111111111111111000000000000000000111111111111111111111100000000000000000111111111111111111111111111111111111111112
21111111111111111111111111111111111111111111111111111111111111111111111111111111111111111111111111111000000000000000000111111111111111111111100000000000000000111111111111111111111111111111111111111112
21111111111111111111111111111111111111111111111111111111111111111111111111111111111111111111111111111000000000000000000111111111111111111111100000000000000000111111111111111111111111111111111111111112
21111111111111111111111111111111111111111111111111111111111111111111111111111111111111111111111111111000000000000000000111111111111111111111100000000000000000111111111111111111111111111111111111111112
21111111111111111111111111111111111111111111111111111111111111111111111111111111111111111111111111111000000000000000000111111111111111111111100000000000000000111111111111111111111111111111111111111112
21111111111111111111111111111111111111111111111111111111111111111111111111111111111111111111111111111000000000000000000111111111111111111111100000000000000000111111111111111111111111111111111111111112
21111111111111111111111111111111111111111111111111111111111111111111111111111111111111111111111111111000000000000000000111111111111111111111100000000000000000111111111111111111111111111111111111111112
21111111111111111111111111111111111111111111111111111111111111111111111111111111111111111111111111111000000000000000000111111111111111111111100000000000000000111111111111111111111111111111111111111112
21111111111111111111111111111111111111111111111111111111111111111111111111111111111111111111111111111000000000000000000111111111111111111111111111111111111111111111111111111111111111111111111111111112
22222222222222222222222222222222222222222222222222222222222222222222222222222222222222222222222222222222222222222222222222222222222222222222222222222222222222222222222222222222222222222222222222222222
